        1000  0.100000000000000       0.127628156250000     
  8.726646259971648E-005  1.113765519508588E-004
        2000  0.100000000000000       0.162889462677744     
  8.726646259971648E-005  1.421478074728637E-004
        3000  0.100000000000000       0.207892817941137     
  8.726646259971648E-005  1.814205846330881E-004
        4000  0.100000000000000       0.265329770514442     
  8.726646259971648E-005  2.315436946496324E-004
        5000  0.100000000000000       0.338635494089939     
  8.726646259971648E-005  2.955148812932675E-004
        6000  0.100000000000000       0.432194237515067     
  8.726646259971648E-005  3.771601087989835E-004
        7000  0.100000000000000       0.551601536759226     
  8.726646259971648E-005  4.813623836699212E-004
        8000  0.100000000000000       0.703998871212466     
  8.726646259971648E-005  6.143537956605154E-004
        9000  0.100000000000000       0.665459113006881     
  8.726646259971648E-005  7.840882442141413E-004
       10000  0.100000000000000       0.768426225430355     
  8.726646259971648E-005  1.000717142235323E-003
       11000  0.100000000000000       0.802818341815467     
  8.726646259971648E-005  1.277196547905559E-003
       12000  0.100000000000000       0.838749731107078     
  8.726646259971648E-005  1.630062035649916E-003
       13000  0.100000000000000       0.792833163405494     
  8.726646259971648E-005  2.080417649440456E-003
       14000  0.100000000000000       0.828317650435524     
  8.726646259971648E-005  2.655198085376975E-003
       15000  0.100000000000000       0.956484017035210     
  8.726646259971648E-005  3.388779591677529E-003
       16000  0.100000000000000       0.904122196226384     
  8.726646259971648E-005  4.325035930168536E-003
       17000  0.100000000000000       0.854626874208529     
  8.726646259971648E-005  5.519962361431985E-003
       18000  0.100000000000000       0.986864091667510     
  8.726646259971648E-005  7.045024587908669E-003
       19000  0.100000000000000       0.843997319091948     
  8.726646259971648E-005  8.991432947264176E-003
       20000  0.100000000000000       0.881771737853719     
  8.726646259971648E-005  1.147559748533781E-002
       21000  0.100000000000000        1.01820910551283     
  8.726646259971648E-005  1.464609016358850E-002
       22000  0.100000000000000       0.870804564259464     
  8.726646259971648E-005  1.869253059407472E-002
       23000  0.100000000000000        1.00554497086661     
  8.726646259971648E-005  2.385692673660344E-002
       24000  0.100000000000000       0.859973796598268     
  8.726646259971648E-005  3.044814881812087E-002
       25000  0.100000000000000       0.812895337328930     
  8.726646259971648E-005  3.886040212497324E-002
       26000  0.100000000000000       0.849277738300051     
  8.726646259971648E-005  4.959680348172391E-002
       27000  0.100000000000000       0.980687278945097     
  8.726646259971648E-005  6.329947146954373E-002
       28000  0.100000000000000        1.13242994101060     
  8.726646259971648E-005  8.078793000843429E-002
       29000  0.100000000000000        1.07043612554304     
  8.726646259971648E-005  0.103108122130024     
       30000  0.100000000000000       0.915470760204621     
  8.726646259971648E-005  0.131594965337892     
       31000  0.100000000000000       0.865354171691057     
  8.726646259971648E-005  0.167952189842456     
       32000  0.100000000000000       0.999251233946350     
  8.726646259971648E-005  0.214354234605008     
       33000  0.100000000000000        1.04397428425167     
  8.726646259971648E-005  0.273576295350476     
       34000  0.100000000000000       0.986822890786206     
  8.726646259971648E-005  0.349160302410662     
       35000  0.100000000000000        1.03098969117411     
  8.726646259971648E-005  0.445626755137260     
       36000  0.100000000000000       0.974549127083618     
  8.726646259971648E-005  0.568745082196089     
       37000  0.100000000000000       0.921198348761232     
  8.726646259971648E-005  0.725878697347519     
       38000  0.100000000000000       0.870768208781750     
  8.726646259971648E-005  0.838194425921502     
       39000  0.100000000000000       0.909740800541104     
  8.726646259971648E-005  0.875708985849115     
       40000  0.100000000000000       0.859937893297481     
  8.726646259971648E-005  0.748933892660115     
       41000  0.100000000000000       0.898425757364968     
  8.726646259971648E-005  0.864816968048948     
       42000  0.100000000000000       0.849242281552171     
  8.726646259971648E-005  0.903523056959789     
       43000  0.100000000000000       0.887251446804103     
  8.726646259971648E-005  0.943961490833927     
       44000  0.100000000000000       0.838679698147044     
  8.726646259971648E-005  0.807305583562105     
       45000  0.100000000000000       0.876216118474643     
  8.726646259971648E-005  0.932220552317844     
       46000  0.100000000000000       0.828248488521360     
  8.726646259971648E-005  0.881186898930856     
       47000  0.100000000000000       0.865318043763397     
  8.726646259971648E-005  0.920625646917071     
       48000  0.100000000000000       0.817947018693236     
  8.726646259971648E-005  0.787348035214907     
       49000  0.100000000000000       0.944508727720970     
  8.726646259971648E-005  0.822586894049461     
       50000  0.100000000000000       0.986781691625009     
  8.726646259971648E-005  0.703502207430591     
       51000  0.100000000000000       0.843926847974850     
  8.726646259971648E-005  0.897866692647304     
       52000  0.100000000000000       0.881698112691664     
  8.726646259971648E-005  0.938051968051986     
       53000  0.100000000000000        1.01812408826043     
  8.726646259971648E-005  0.886699078569427     
       54000  0.100000000000000       0.962387839539942     
  8.726646259971648E-005  0.926384531839033     
       55000  0.100000000000000        1.11129901219056     
  8.726646259971648E-005  0.875670366630603     
       56000  0.100000000000000       0.859901991495633     
  8.726646259971648E-005  0.677576994720041     
       57000  0.100000000000000       0.992955432797869     
  8.726646259971648E-005  0.579485176505953     
       58000  0.100000000000000        1.03739670468560     
  8.726646259971648E-005  0.605420843349950     
       59000  0.100000000000000       0.980605394646999     
  8.726646259971648E-005  0.699098042258255     
       60000  0.100000000000000        1.02449392128035     
  8.726646259971648E-005  0.892245739115971     
       61000  0.100000000000000       0.876179537068349     
  8.726646259971648E-005  0.843400474255798     
       62000  0.100000000000000       0.915394321280370     
  8.726646259971648E-005  0.881148038133548     
       63000  0.100000000000000       0.956364224432900     
  8.726646259971648E-005  0.920585046850610     
       64000  0.100000000000000       0.999167799616495     
  8.726646259971648E-005  0.961787113865758     
       65000  0.100000000000000        1.04388711568802     
  8.726646259971648E-005  0.909134863194973     
       66000  0.100000000000000       0.892765209023482     
  8.726646259971648E-005  0.777520755237458     
       67000  0.100000000000000       0.843891614622875     
  8.726646259971648E-005  0.734956015997029     
       68000  0.100000000000000       0.974467755301861     
  8.726646259971648E-005  0.767849996979983     
       69000  0.100000000000000        1.01808158229626     
  8.726646259971648E-005  0.979992571388882     
       70000  0.100000000000000        1.17561029997645     
  8.726646259971648E-005  0.838120497937578     
       71000  0.100000000000000        1.11125261623889     
  8.726646259971648E-005  0.875631749115219     
       72000  0.100000000000000       0.950378311318202     
  8.726646259971648E-005  0.827696003579593     
       73000  0.100000000000000       0.812793528154777     
  8.726646259971648E-005  0.782384461314780     
       74000  0.100000000000000       0.768297908449876     
  8.726646259971648E-005  0.739553462454233     
       75000  0.100000000000000       0.887177364103615     
  8.726646259971648E-005  0.772653208561959     
       76000  0.100000000000000       0.838609671034542     
  8.726646259971648E-005  0.807234379945906     
       77000  0.100000000000000       0.876142957189304     
  8.726646259971648E-005  0.763042992568969     
       78000  0.100000000000000       0.828179332381997     
  8.726646259971648E-005  0.797194045340052     
       79000  0.100000000000000       0.865245792432961     
  8.726646259971648E-005  0.753552307887579     
       80000  0.100000000000000       0.903971219819849     
  8.726646259971648E-005  0.787278591836271     
       81000  0.100000000000000       0.944429864217917     
  8.726646259971648E-005  0.822514342635613     
       82000  0.100000000000000        1.09056238251135     
  8.726646259971648E-005  0.949782573530453     
       83000  0.100000000000000       0.932683370398907     
  8.726646259971648E-005  0.992291416551854     
       84000  0.100000000000000       0.881624493677079     
  8.726646259971648E-005  0.848638857497629     
       85000  0.100000000000000       0.833360787293690     
  8.726646259971648E-005  0.802180815785739     
       86000  0.100000000000000       0.870659151455249     
  8.726646259971648E-005  0.838083536390795     
       87000  0.100000000000000       0.909626862183553     
  8.726646259971648E-005  0.875593133302887     
       88000  0.100000000000000       0.950338633692550     
  8.726646259971648E-005  0.914781524511031     
       89000  0.100000000000000       0.898313236133520     
  8.726646259971648E-005  0.864702556470001     
       90000  0.100000000000000        1.03731008532912     
  8.726646259971648E-005  0.903403524731142     
       91000  0.100000000000000       0.887140325073031     
  8.726646259971648E-005  0.853947436002910     
       92000  0.100000000000000       0.838574659670962     
  8.726646259971648E-005  0.892167043855519     
       93000  0.100000000000000       0.717175516463303     
  8.726646259971648E-005  0.763009341978944     
       94000  0.100000000000000       0.828144756477716     
  8.726646259971648E-005  0.797158888670964     
       95000  0.100000000000000       0.865209669030058     
  8.726646259971648E-005  0.832836845927717     
       96000  0.100000000000000       0.903933479657607     
  8.726646259971648E-005  0.870111619894546     
       97000  0.100000000000000       0.854448488751388     
  8.726646259971648E-005   1.00474461144845     
       98000  0.100000000000000       0.892690665941220     
  8.726646259971648E-005  0.949740687628472     
       99000  0.100000000000000        1.03081752957980     
  8.726646259971648E-005  0.812248134594159     
      100000  0.100000000000000        1.07695337876854     
  8.726646259971648E-005  0.848601432085757     
      100000  0.100000000000000        1.07695337876854     
  8.726646259971648E-005  0.848601432085757     
