Lennard-Jones starting configuration rho = 0.125; particles are molecules, not a
         0         2       176                10000                    0
timestep     10000       176 0 2            0.001000           10.000000
       10.0000000000        0.0000000000        0.0000000000            
        0.0000000000       10.0000000000        0.0000000000            
        0.0000000000        0.0000000000       10.0000000000            
LJ               1    1.000000    0.000000    0.000000                  
    -1.109411716        -4.094902277        -1.413214803                
LJ               2    1.000000    0.000000    0.000000                  
     4.763134122         1.496010423        -3.625000715                
LJ               3    1.000000    0.000000    0.000000                  
    -3.579378128        0.6491953135         2.408049703                
LJ               4    1.000000    0.000000    0.000000                  
    -4.863592982        -2.172280550        -2.181143761                
LJ               5    1.000000    0.000000    0.000000                  
    -3.036850095        -4.009569287       -0.6202667952                
LJ               6    1.000000    0.000000    0.000000                  
    -1.758043766         3.527913690         3.191851974                
LJ               7    1.000000    0.000000    0.000000                  
     3.369753957       -0.2109217644        -4.938588738                
LJ               8    1.000000    0.000000    0.000000                  
    -4.284292459         3.711982965        -1.620926857                
LJ               9    1.000000    0.000000    0.000000                  
    -4.270642996        0.7442116737E-01     4.895069003                
LJ              10    1.000000    0.000000    0.000000                  
   -0.9893774986E-02    0.8984613419        0.2039557695                
LJ              11    1.000000    0.000000    0.000000                  
    -3.432052732         3.486349583        -4.520277977                
LJ              12    1.000000    0.000000    0.000000                  
    -4.519774318        0.4666942358        -3.950536251                
LJ              13    1.000000    0.000000    0.000000                  
     3.889333010        -1.009935737        -4.153928757                
LJ              14    1.000000    0.000000    0.000000                  
     4.893454313        -1.290751100        -4.359389544                
LJ              15    1.000000    0.000000    0.000000                  
     1.426687241         3.085507154         1.848863363                
LJ              16    1.000000    0.000000    0.000000                  
    -2.542217374        0.5892026424         4.807804227                
LJ              17    1.000000    0.000000    0.000000                  
     4.966263771         1.218970418       -0.9698271751                
LJ              18    1.000000    0.000000    0.000000                  
     2.564631104         3.787862062         4.747396708                
LJ              19    1.000000    0.000000    0.000000                  
     1.123702526        -4.705965519       -0.1689195633E-01            
LJ              20    1.000000    0.000000    0.000000                  
     1.120845079         4.096634388        0.3562062979                
LJ              21    1.000000    0.000000    0.000000                  
    -3.023439646        0.8864295483        -3.841065764                
LJ              22    1.000000    0.000000    0.000000                  
    -1.354463100         1.446605921         3.864209056                
LJ              23    1.000000    0.000000    0.000000                  
   -0.2077949047       -0.1792949438       -0.2411788702                
LJ              24    1.000000    0.000000    0.000000                  
     4.243450165        0.3782743216        -3.770766258                
LJ              25    1.000000    0.000000    0.000000                  
    -4.022290111        -3.653977513         2.856215835                
LJ              26    1.000000    0.000000    0.000000                  
    -2.120094895        -1.930321455        -4.632826447                
LJ              27    1.000000    0.000000    0.000000                  
    -1.184811592       -0.2812045813         4.277998209                
LJ              28    1.000000    0.000000    0.000000                  
     2.540038228         3.872014880       -0.8965468407                
LJ              29    1.000000    0.000000    0.000000                  
    -2.112864256        0.6810450554         3.544067740                
LJ              30    1.000000    0.000000    0.000000                  
    -2.023698688        -2.056953907       -0.7047760487                
LJ              31    1.000000    0.000000    0.000000                  
    -1.223066449         1.995214820         1.506192088                
LJ              32    1.000000    0.000000    0.000000                  
    -3.321439028       -0.3654175997        -2.553559542                
LJ              33    1.000000    0.000000    0.000000                  
    -1.684123874       -0.1307398081         1.079027653                
LJ              34    1.000000    0.000000    0.000000                  
    -3.317155838        -3.654021621         4.293336868                
LJ              35    1.000000    0.000000    0.000000                  
    -1.713437438         4.960348010        -1.778431535                
LJ              36    1.000000    0.000000    0.000000                  
    0.1826882362        -3.721589446        -2.510400414                
LJ              37    1.000000    0.000000    0.000000                  
    -4.457622170         4.978051782        -3.630716205                
LJ              38    1.000000    0.000000    0.000000                  
    -1.884721518        0.9382653236         2.229363322                
LJ              39    1.000000    0.000000    0.000000                  
     1.125016809         2.632424831         3.092164993                
LJ              40    1.000000    0.000000    0.000000                  
    -3.023731709        0.7445216179E-01     3.270371556                
LJ              41    1.000000    0.000000    0.000000                  
   -0.6580471992E-01     3.224702477         1.111550927                
LJ              42    1.000000    0.000000    0.000000                  
    -3.821898103         2.309114337         4.588690996                
LJ              43    1.000000    0.000000    0.000000                  
    -1.764103174        -2.286141515         2.295450568                
LJ              44    1.000000    0.000000    0.000000                  
     1.249899864        -2.094630599         4.767799973                
LJ              45    1.000000    0.000000    0.000000                  
   -0.7884293795        -2.758394480        -3.640190363                
LJ              46    1.000000    0.000000    0.000000                  
    0.5935019255        -3.739395142        0.8425593376                
LJ              47    1.000000    0.000000    0.000000                  
    -2.666885257         4.212574959        -4.586394429                
LJ              48    1.000000    0.000000    0.000000                  
     1.375126243        -2.583693266        -2.979265451                
LJ              49    1.000000    0.000000    0.000000                  
   -0.6294953823        -3.390574455        -4.602678418                
LJ              50    1.000000    0.000000    0.000000                  
   -0.8843123913E-01    -1.177770495        -2.472562194                
LJ              51    1.000000    0.000000    0.000000                  
    -2.965621948         1.944131255        -1.053425074                
LJ              52    1.000000    0.000000    0.000000                  
    -3.746278882        -4.315285087        0.4990816116E-01            
LJ              53    1.000000    0.000000    0.000000                  
    0.1037955284E-01     1.253905296         3.662165999                
LJ              54    1.000000    0.000000    0.000000                  
    0.3295856714        -3.098918200         4.590090513                
LJ              55    1.000000    0.000000    0.000000                  
   -0.4739534855        -4.453346729        0.6967651844                
LJ              56    1.000000    0.000000    0.000000                  
   -0.7463103533         2.268229127        -3.333345652                
LJ              57    1.000000    0.000000    0.000000                  
     4.028899074        -4.276064634         3.292706013                
LJ              58    1.000000    0.000000    0.000000                  
     4.923097491        -4.116263390        -4.912665486                
LJ              59    1.000000    0.000000    0.000000                  
    -1.899729371         3.832223415         4.921929836                
LJ              60    1.000000    0.000000    0.000000                  
     1.226925254         3.663255572        -2.126511335                
LJ              61    1.000000    0.000000    0.000000                  
     3.104854226        -3.515812755         3.573083878                
LJ              62    1.000000    0.000000    0.000000                  
   -0.3786832094       -0.3546416759         3.448629379                
LJ              63    1.000000    0.000000    0.000000                  
    0.8382093906       -0.8654433489        -4.811282754                
LJ              64    1.000000    0.000000    0.000000                  
    -2.646008134         2.889725566        -4.760973454                
LJ              65    1.000000    0.000000    0.000000                  
     2.924515605        -2.944037318        -4.566850662                
LJ              66    1.000000    0.000000    0.000000                  
    -3.912987709         4.520958662        -4.724858999                
LJ              67    1.000000    0.000000    0.000000                  
    -2.114736438         1.549609303         3.007174134                
LJ              68    1.000000    0.000000    0.000000                  
   -0.7568812370        -1.745196581        -1.235235929                
LJ              69    1.000000    0.000000    0.000000                  
     4.524903297       -0.5129832029        -3.337525725                
LJ              70    1.000000    0.000000    0.000000                  
   -0.3535449505E-01    -1.604331732         3.521490097                
LJ              71    1.000000    0.000000    0.000000                  
   -0.7551670074        -4.938052297         2.670116425                
LJ              72    1.000000    0.000000    0.000000                  
    0.2274161577        -2.077630758        -2.067594528                
LJ              73    1.000000    0.000000    0.000000                  
   -0.4085814953         1.318737864         1.540016532                
LJ              74    1.000000    0.000000    0.000000                  
     1.224578023        -4.442635775        -1.072139144                
LJ              75    1.000000    0.000000    0.000000                  
    -3.440326452       -0.2706587315E-01    -3.560064435                
LJ              76    1.000000    0.000000    0.000000                  
     3.202823400        -1.936475039        -2.560220957                
LJ              77    1.000000    0.000000    0.000000                  
    0.1885092258         4.881655574        -1.526787877                
LJ              78    1.000000    0.000000    0.000000                  
   -0.6996136904        -1.216022968         1.826621890                
LJ              79    1.000000    0.000000    0.000000                  
    -4.390874505        -1.384583712         1.360342503                
LJ              80    1.000000    0.000000    0.000000                  
    -4.115728140        -1.807705760        -4.236185551                
LJ              81    1.000000    0.000000    0.000000                  
    -3.977799416        0.4696112871         3.820108771                
LJ              82    1.000000    0.000000    0.000000                  
    -1.451031566        -2.834129930        -1.233380437                
LJ              83    1.000000    0.000000    0.000000                  
     2.536117435        0.4121422768E-01     4.140912890                
LJ              84    1.000000    0.000000    0.000000                  
    -4.912237525        0.8982908726        -4.840092063                
LJ              85    1.000000    0.000000    0.000000                  
     4.241966009        -1.949127913         4.527474046                
LJ              86    1.000000    0.000000    0.000000                  
    -2.448825836       -0.7262265682        -3.383954167                
LJ              87    1.000000    0.000000    0.000000                  
    -1.677637696       -0.1673662663       -0.1886779070                
LJ              88    1.000000    0.000000    0.000000                  
    -4.149126410         1.377640963        -3.093453050                
LJ              89    1.000000    0.000000    0.000000                  
    -2.276911736        -4.458265901         4.900791645                
LJ              90    1.000000    0.000000    0.000000                  
    -3.179106116         1.732342243        -2.900866866                
LJ              91    1.000000    0.000000    0.000000                  
    -3.003656864         3.541868329         4.495367408                
LJ              92    1.000000    0.000000    0.000000                  
   -0.7137060165E-01     2.720041275         3.195760250                
LJ              93    1.000000    0.000000    0.000000                  
    -4.370351434       -0.5621111393        -3.967292905                
LJ              94    1.000000    0.000000    0.000000                  
     3.157454729        0.8098918200         4.499929547                
LJ              95    1.000000    0.000000    0.000000                  
    -3.651641011        -2.974824309        -1.667824388                
LJ              96    1.000000    0.000000    0.000000                  
    -4.324465990       -0.8000159264        -2.755472064                
LJ              97    1.000000    0.000000    0.000000                  
    -3.926824927        -1.513153911         3.138436079                
LJ              98    1.000000    0.000000    0.000000                  
   -0.6398165226         2.844117880         1.922025084                
LJ              99    1.000000    0.000000    0.000000                  
     1.026777029        0.6167382002         3.645967841                
LJ             100    1.000000    0.000000    0.000000                  
   -0.7396388054        -2.791194916        -2.378491163                
LJ             101    1.000000    0.000000    0.000000                  
     3.247664571        -1.504787803        -3.541402221                
LJ             102    1.000000    0.000000    0.000000                  
    -2.359454632         1.743289232        -3.523227572                
LJ             103    1.000000    0.000000    0.000000                  
   -0.6657713652        -3.799565434         4.337534904                
LJ             104    1.000000    0.000000    0.000000                  
     3.921561837        -3.165400028        -4.333901405                
LJ             105    1.000000    0.000000    0.000000                  
    -4.159224629        0.4014414549        -2.143262625                
LJ             106    1.000000    0.000000    0.000000                  
    -3.664972782         1.086838841         1.294117570                
LJ             107    1.000000    0.000000    0.000000                  
    -1.996434927        -1.071790457        0.3953868151                
LJ             108    1.000000    0.000000    0.000000                  
    -1.659215689        -2.902297378        0.7184147835E-02            
LJ             109    1.000000    0.000000    0.000000                  
    -1.843383908        -1.759213805        -2.546955943                
LJ             110    1.000000    0.000000    0.000000                  
    -1.503725052         1.104105711        -3.550244570                
LJ             111    1.000000    0.000000    0.000000                  
    -3.694329262         1.035286188        -4.823099971                
LJ             112    1.000000    0.000000    0.000000                  
    -1.874134541         2.689547539        -3.890674114                
LJ             113    1.000000    0.000000    0.000000                  
    -3.687620163        -2.357159257         4.745804667                
LJ             114    1.000000    0.000000    0.000000                  
   -0.8927440643        -2.031596303       -0.8467495441E-01            
LJ             115    1.000000    0.000000    0.000000                  
     2.718355656         3.836517334         1.021910310                
LJ             116    1.000000    0.000000    0.000000                  
   -0.5914229155        -3.933579326        -3.703075051                
LJ             117    1.000000    0.000000    0.000000                  
    -2.836140394       -0.5876344442         2.280480266                
LJ             118    1.000000    0.000000    0.000000                  
    0.2848827839         3.951841593        -1.648486853                
LJ             119    1.000000    0.000000    0.000000                  
     1.996528506         4.634445906         4.500055909                
LJ             120    1.000000    0.000000    0.000000                  
    -3.238084912        -1.669354439        -2.321084738                
LJ             121    1.000000    0.000000    0.000000                  
    0.2433872223         3.989113569         2.855162024                
LJ             122    1.000000    0.000000    0.000000                  
    0.6144702435        -1.854287982        -4.121753573                
LJ             123    1.000000    0.000000    0.000000                  
    -2.206207514         4.630834460         1.134997606                
LJ             124    1.000000    0.000000    0.000000                  
     2.290391922         2.260798812         3.448181748                
LJ             125    1.000000    0.000000    0.000000                  
    -2.759218812        0.6588071585        0.5378514528                
LJ             126    1.000000    0.000000    0.000000                  
     1.371631622        0.5851179361         1.880460382                
LJ             127    1.000000    0.000000    0.000000                  
     4.783943295        -3.408720493         2.874140143                
LJ             128    1.000000    0.000000    0.000000                  
    -3.219560981        -3.204714656         2.393764257                
LJ             129    1.000000    0.000000    0.000000                  
    -3.589702249        -3.019662499       -0.4363018274                
LJ             130    1.000000    0.000000    0.000000                  
    -4.585558772         1.851744652        -4.288677573                
LJ             131    1.000000    0.000000    0.000000                  
     1.262431145         4.944878817        -4.962575436                
LJ             132    1.000000    0.000000    0.000000                  
   -0.7172715664         1.325066686        -2.366471887                
LJ             133    1.000000    0.000000    0.000000                  
    -2.445918918        -3.277181387        -1.323296428                
LJ             134    1.000000    0.000000    0.000000                  
    0.7168197632         2.414442301       -0.8758056164                
LJ             135    1.000000    0.000000    0.000000                  
     4.971649051        -1.526476741        -3.242843151                
LJ             136    1.000000    0.000000    0.000000                  
     2.340666056        -4.855098724        -2.071121335                
LJ             137    1.000000    0.000000    0.000000                  
   -0.5972957611         2.066232562        -1.474615335                
LJ             138    1.000000    0.000000    0.000000                  
    -4.381792545        -3.755788803         4.202613831                
LJ             139    1.000000    0.000000    0.000000                  
    -3.589978814        -2.346619368        -3.564601541                
LJ             140    1.000000    0.000000    0.000000                  
     1.339460611         4.796143770        -1.845358014                
LJ             141    1.000000    0.000000    0.000000                  
    0.3894889355       -0.4715776443         2.264580727                
LJ             142    1.000000    0.000000    0.000000                  
     2.169543505        -1.228550076        -3.013859391                
LJ             143    1.000000    0.000000    0.000000                  
    -2.810352445         1.436949968         1.885359883                
LJ             144    1.000000    0.000000    0.000000                  
     1.874793172        -4.226381779        -4.953384399                
LJ             145    1.000000    0.000000    0.000000                  
     2.164236307        0.5131578445        -2.804169059                
LJ             146    1.000000    0.000000    0.000000                  
   -0.8968871832        0.6938689947         2.809907794                
LJ             147    1.000000    0.000000    0.000000                  
     3.723614812        -2.064807415        -4.311003685                
LJ             148    1.000000    0.000000    0.000000                  
    0.4311704636         3.822003603         1.729254127                
LJ             149    1.000000    0.000000    0.000000                  
     3.410773277        -2.802708149         2.190950513                
LJ             150    1.000000    0.000000    0.000000                  
     2.362571359         3.987711668        -2.537399530                
LJ             151    1.000000    0.000000    0.000000                  
     3.614066243         2.231059074        -3.688899279                
LJ             152    1.000000    0.000000    0.000000                  
    -4.484620094        -2.236992121        0.7220095396                
LJ             153    1.000000    0.000000    0.000000                  
    0.3324264288         2.389108539         1.983241439                
LJ             154    1.000000    0.000000    0.000000                  
    -3.240054846       -0.5729639530        -4.461281896                
LJ             155    1.000000    0.000000    0.000000                  
    -3.222336769       -0.5471998453        -1.107474566                
LJ             156    1.000000    0.000000    0.000000                  
   -0.3772175312        -3.383741379        0.9405648708                
LJ             157    1.000000    0.000000    0.000000                  
     3.199346662        -2.308084369         4.636347294                
LJ             158    1.000000    0.000000    0.000000                  
    -4.545407295        -3.169449568       -0.8493381739                
LJ             159    1.000000    0.000000    0.000000                  
    -2.756383419        -1.638988256         2.082946301                
LJ             160    1.000000    0.000000    0.000000                  
     4.874921441       -0.7265526056        0.7437336445                
LJ             161    1.000000    0.000000    0.000000                  
     2.923594117        -3.087516427        -2.406957746                
LJ             162    1.000000    0.000000    0.000000                  
     3.279243708       -0.9517192841        -2.540811300                
LJ             163    1.000000    0.000000    0.000000                  
     3.461647034        -4.946799874       -0.6234407425E-01            
LJ             164    1.000000    0.000000    0.000000                  
    0.1632857323        -4.207807779         2.880854011                
LJ             165    1.000000    0.000000    0.000000                  
    -3.510311246         1.495135427         3.779904246                
LJ             166    1.000000    0.000000    0.000000                  
    -4.035207033        0.7307034731        -1.181895733                
LJ             167    1.000000    0.000000    0.000000                  
   -0.8354479074        0.1865983009        -2.797932625                
LJ             168    1.000000    0.000000    0.000000                  
    -4.903708696         3.366803527        0.4226303101                
LJ             169    1.000000    0.000000    0.000000                  
     1.408510208         3.118693829       -0.2617120743E-01            
LJ             170    1.000000    0.000000    0.000000                  
    -1.262422204        -4.406215549        -4.456620812                
LJ             171    1.000000    0.000000    0.000000                  
    -1.362323165        -1.111852527         2.996436357                
LJ             172    1.000000    0.000000    0.000000                  
     4.561544061        -2.208022475         2.569338679                
LJ             173    1.000000    0.000000    0.000000                  
    -3.466881514         4.524662495         1.249836683                
LJ             174    1.000000    0.000000    0.000000                  
     2.207405567         2.158922553         1.905266643                
LJ             175    1.000000    0.000000    0.000000                  
     2.600053549        -1.312406659         1.896939278                
LJ             176    1.000000    0.000000    0.000000                  
     1.025677919         2.431319356         4.993463755                
