      1000
   -0.600001E+08   -0.699995E+08    0.000000E+00    0.000000E+00   -0.600001E+08    0.000000E+00
    0.000000E+00    0.000000E+00    0.000000E+00    0.000000E+00    0.000000E+00    0.000000E+00
    0.100000E+04    0.100000E+02    0.100000E+02    0.100000E+02    0.900000E+02    0.900000E+02
    0.900000E+02    0.360001E+16    0.489993E+16
      107.000000
      107.000000
    0.000000E+00    0.000000E+00    0.000000E+00    0.000000E+00    0.000000E+00    0.000000E+00
    0.000000E+00    0.000000E+00    0.000000E+00    0.000000E+00    0.000000E+00    0.000000E+00
    0.000000E+00    0.000000E+00    0.000000E+00    0.000000E+00    0.000000E+00    0.000000E+00
    0.000000E+00    0.000000E+00    0.000000E+00
      2000
   -0.600001E+08   -0.699994E+08    0.000000E+00    0.000000E+00   -0.600001E+08    0.000000E+00
    0.000000E+00    0.000000E+00    0.000000E+00    0.000000E+00    0.000000E+00    0.000000E+00
    0.100000E+04    0.100000E+02    0.100000E+02    0.100000E+02    0.900000E+02    0.900000E+02
    0.900000E+02    0.360002E+16    0.489991E+16
      132.000000
      132.000000
    0.000000E+00    0.000000E+00    0.000000E+00    0.000000E+00    0.000000E+00    0.000000E+00
    0.000000E+00    0.000000E+00    0.000000E+00    0.000000E+00    0.000000E+00    0.000000E+00
    0.000000E+00    0.000000E+00    0.000000E+00    0.000000E+00    0.000000E+00    0.000000E+00
    0.000000E+00    0.000000E+00    0.000000E+00
      3000
   -0.600002E+08   -0.699992E+08    0.000000E+00    0.000000E+00   -0.600002E+08    0.000000E+00
    0.000000E+00    0.000000E+00    0.000000E+00    0.000000E+00    0.000000E+00    0.000000E+00
    0.100000E+04    0.100000E+02    0.100000E+02    0.100000E+02    0.900000E+02    0.900000E+02
    0.900000E+02    0.360003E+16    0.489989E+16
      176.000000
      176.000000
    0.000000E+00    0.000000E+00    0.000000E+00    0.000000E+00    0.000000E+00    0.000000E+00
    0.000000E+00    0.000000E+00    0.000000E+00    0.000000E+00    0.000000E+00    0.000000E+00
    0.000000E+00    0.000000E+00    0.000000E+00    0.000000E+00    0.000000E+00    0.000000E+00
    0.000000E+00    0.000000E+00    0.000000E+00
      4000
   -0.600002E+08   -0.699992E+08    0.000000E+00    0.000000E+00   -0.600002E+08    0.000000E+00
    0.000000E+00    0.000000E+00    0.000000E+00    0.000000E+00    0.000000E+00    0.000000E+00
    0.100000E+04    0.100000E+02    0.100000E+02    0.100000E+02    0.900000E+02    0.900000E+02
    0.900000E+02    0.360002E+16    0.489989E+16
      166.000000
      166.000000
    0.000000E+00    0.000000E+00    0.000000E+00    0.000000E+00    0.000000E+00    0.000000E+00
    0.000000E+00    0.000000E+00    0.000000E+00    0.000000E+00    0.000000E+00    0.000000E+00
    0.000000E+00    0.000000E+00    0.000000E+00    0.000000E+00    0.000000E+00    0.000000E+00
    0.000000E+00    0.000000E+00    0.000000E+00
      5000
   -0.600002E+08   -0.699992E+08    0.000000E+00    0.000000E+00   -0.600002E+08    0.000000E+00
    0.000000E+00    0.000000E+00    0.000000E+00    0.000000E+00    0.000000E+00    0.000000E+00
    0.100000E+04    0.100000E+02    0.100000E+02    0.100000E+02    0.900000E+02    0.900000E+02
    0.900000E+02    0.360003E+16    0.489989E+16
      172.000000
      172.000000
    0.000000E+00    0.000000E+00    0.000000E+00    0.000000E+00    0.000000E+00    0.000000E+00
    0.000000E+00    0.000000E+00    0.000000E+00    0.000000E+00    0.000000E+00    0.000000E+00
    0.000000E+00    0.000000E+00    0.000000E+00    0.000000E+00    0.000000E+00    0.000000E+00
    0.000000E+00    0.000000E+00    0.000000E+00
      6000
   -0.600002E+08   -0.699993E+08    0.000000E+00    0.000000E+00   -0.600002E+08    0.000000E+00
    0.000000E+00    0.000000E+00    0.000000E+00    0.000000E+00    0.000000E+00    0.000000E+00
    0.100000E+04    0.100000E+02    0.100000E+02    0.100000E+02    0.900000E+02    0.900000E+02
    0.900000E+02    0.360003E+16    0.489990E+16
      167.000000
      167.000000
    0.000000E+00    0.000000E+00    0.000000E+00    0.000000E+00    0.000000E+00    0.000000E+00
    0.000000E+00    0.000000E+00    0.000000E+00    0.000000E+00    0.000000E+00    0.000000E+00
    0.000000E+00    0.000000E+00    0.000000E+00    0.000000E+00    0.000000E+00    0.000000E+00
    0.000000E+00    0.000000E+00    0.000000E+00
      7000
   -0.600003E+08   -0.699992E+08    0.000000E+00    0.000000E+00   -0.600003E+08    0.000000E+00
    0.000000E+00    0.000000E+00    0.000000E+00    0.000000E+00    0.000000E+00    0.000000E+00
    0.100000E+04    0.100000E+02    0.100000E+02    0.100000E+02    0.900000E+02    0.900000E+02
    0.900000E+02    0.360003E+16    0.489988E+16
      191.000000
      191.000000
    0.000000E+00    0.000000E+00    0.000000E+00    0.000000E+00    0.000000E+00    0.000000E+00
    0.000000E+00    0.000000E+00    0.000000E+00    0.000000E+00    0.000000E+00    0.000000E+00
    0.000000E+00    0.000000E+00    0.000000E+00    0.000000E+00    0.000000E+00    0.000000E+00
    0.000000E+00    0.000000E+00    0.000000E+00
      8000
   -0.600003E+08   -0.699992E+08    0.000000E+00    0.000000E+00   -0.600003E+08    0.000000E+00
    0.000000E+00    0.000000E+00    0.000000E+00    0.000000E+00    0.000000E+00    0.000000E+00
    0.100000E+04    0.100000E+02    0.100000E+02    0.100000E+02    0.900000E+02    0.900000E+02
    0.900000E+02    0.360003E+16    0.489989E+16
      178.000000
      178.000000
    0.000000E+00    0.000000E+00    0.000000E+00    0.000000E+00    0.000000E+00    0.000000E+00
    0.000000E+00    0.000000E+00    0.000000E+00    0.000000E+00    0.000000E+00    0.000000E+00
    0.000000E+00    0.000000E+00    0.000000E+00    0.000000E+00    0.000000E+00    0.000000E+00
    0.000000E+00    0.000000E+00    0.000000E+00
      9000
   -0.600002E+08   -0.699992E+08    0.000000E+00    0.000000E+00   -0.600002E+08    0.000000E+00
    0.000000E+00    0.000000E+00    0.000000E+00    0.000000E+00    0.000000E+00    0.000000E+00
    0.100000E+04    0.100000E+02    0.100000E+02    0.100000E+02    0.900000E+02    0.900000E+02
    0.900000E+02    0.360003E+16    0.489989E+16
      170.000000
      170.000000
    0.000000E+00    0.000000E+00    0.000000E+00    0.000000E+00    0.000000E+00    0.000000E+00
    0.000000E+00    0.000000E+00    0.000000E+00    0.000000E+00    0.000000E+00    0.000000E+00
    0.000000E+00    0.000000E+00    0.000000E+00    0.000000E+00    0.000000E+00    0.000000E+00
    0.000000E+00    0.000000E+00    0.000000E+00
     10000
   -0.600002E+08   -0.699992E+08    0.000000E+00    0.000000E+00   -0.600002E+08    0.000000E+00
    0.000000E+00    0.000000E+00    0.000000E+00    0.000000E+00    0.000000E+00    0.000000E+00
    0.100000E+04    0.100000E+02    0.100000E+02    0.100000E+02    0.900000E+02    0.900000E+02
    0.900000E+02    0.360003E+16    0.489989E+16
      176.000000
      176.000000
    0.000000E+00    0.000000E+00    0.000000E+00    0.000000E+00    0.000000E+00    0.000000E+00
    0.000000E+00    0.000000E+00    0.000000E+00    0.000000E+00    0.000000E+00    0.000000E+00
    0.000000E+00    0.000000E+00    0.000000E+00    0.000000E+00    0.000000E+00    0.000000E+00
    0.000000E+00    0.000000E+00    0.000000E+00
