      1000
   -0.766688E+03   -0.528841E+03    0.000000E+00    0.000000E+00   -0.766688E+03    0.000000E+00
    0.000000E+00    0.000000E+00    0.000000E+00    0.000000E+00    0.000000E+00    0.000000E+00
    0.162045E+04    0.117457E+02    0.117457E+02    0.117457E+02    0.900000E+02    0.900000E+02
    0.900000E+02    0.587810E+06    0.279673E+06
      512.000000
        1.000000
   -0.703721E+03    0.000000E+00    0.000000E+00    0.000000E+00    0.000000E+00    0.000000E+00
    0.000000E+00   -0.703721E+03    0.000000E+00    0.000000E+00    0.000000E+00    0.000000E+00
    0.000000E+00    0.000000E+00    0.000000E+00    0.000000E+00    0.000000E+00    0.000000E+00
    0.000000E+00    0.000000E+00    0.000000E+00
      2000
   -0.806676E+03   -0.568866E+03    0.000000E+00    0.000000E+00   -0.806676E+03    0.000000E+00
    0.000000E+00    0.000000E+00    0.000000E+00    0.000000E+00    0.000000E+00    0.000000E+00
    0.162021E+04    0.117451E+02    0.117451E+02    0.117451E+02    0.900000E+02    0.900000E+02
    0.900000E+02    0.650727E+06    0.323608E+06
      512.000000
        1.000000
   -0.703721E+03    0.000000E+00    0.000000E+00    0.000000E+00    0.000000E+00    0.000000E+00
    0.000000E+00   -0.703721E+03    0.000000E+00    0.000000E+00    0.000000E+00    0.000000E+00
    0.000000E+00    0.000000E+00    0.000000E+00    0.000000E+00    0.000000E+00    0.000000E+00
    0.000000E+00    0.000000E+00    0.000000E+00
      3000
   -0.869896E+03   -0.632005E+03    0.000000E+00    0.000000E+00   -0.869896E+03    0.000000E+00
    0.000000E+00    0.000000E+00    0.000000E+00    0.000000E+00    0.000000E+00    0.000000E+00
    0.162076E+04    0.117464E+02    0.117464E+02    0.117464E+02    0.900000E+02    0.900000E+02
    0.900000E+02    0.756720E+06    0.399430E+06
      512.000000
        1.000000
   -0.703721E+03    0.000000E+00    0.000000E+00    0.000000E+00    0.000000E+00    0.000000E+00
    0.000000E+00   -0.703721E+03    0.000000E+00    0.000000E+00    0.000000E+00    0.000000E+00
    0.000000E+00    0.000000E+00    0.000000E+00    0.000000E+00    0.000000E+00    0.000000E+00
    0.000000E+00    0.000000E+00    0.000000E+00
      4000
   -0.909200E+03   -0.671343E+03    0.000000E+00    0.000000E+00   -0.909200E+03    0.000000E+00
    0.000000E+00    0.000000E+00    0.000000E+00    0.000000E+00    0.000000E+00    0.000000E+00
    0.162052E+04    0.117459E+02    0.117459E+02    0.117459E+02    0.900000E+02    0.900000E+02
    0.900000E+02    0.826644E+06    0.450702E+06
      512.000000
        1.000000
   -0.703721E+03    0.000000E+00    0.000000E+00    0.000000E+00    0.000000E+00    0.000000E+00
    0.000000E+00   -0.703721E+03    0.000000E+00    0.000000E+00    0.000000E+00    0.000000E+00
    0.000000E+00    0.000000E+00    0.000000E+00    0.000000E+00    0.000000E+00    0.000000E+00
    0.000000E+00    0.000000E+00    0.000000E+00
      5000
   -0.954167E+03   -0.716467E+03    0.000000E+00    0.000000E+00   -0.954167E+03    0.000000E+00
    0.000000E+00    0.000000E+00    0.000000E+00    0.000000E+00    0.000000E+00    0.000000E+00
    0.161945E+04    0.117433E+02    0.117433E+02    0.117433E+02    0.900000E+02    0.900000E+02
    0.900000E+02    0.910435E+06    0.513325E+06
      512.000000
        1.000000
   -0.703721E+03    0.000000E+00    0.000000E+00    0.000000E+00    0.000000E+00    0.000000E+00
    0.000000E+00   -0.703721E+03    0.000000E+00    0.000000E+00    0.000000E+00    0.000000E+00
    0.000000E+00    0.000000E+00    0.000000E+00    0.000000E+00    0.000000E+00    0.000000E+00
    0.000000E+00    0.000000E+00    0.000000E+00
      6000
   -0.970470E+03   -0.732852E+03    0.000000E+00    0.000000E+00   -0.970470E+03    0.000000E+00
    0.000000E+00    0.000000E+00    0.000000E+00    0.000000E+00    0.000000E+00    0.000000E+00
    0.161890E+04    0.117419E+02    0.117419E+02    0.117419E+02    0.900000E+02    0.900000E+02
    0.900000E+02    0.941812E+06    0.537072E+06
      512.000000
        1.000000
   -0.703721E+03    0.000000E+00    0.000000E+00    0.000000E+00    0.000000E+00    0.000000E+00
    0.000000E+00   -0.703721E+03    0.000000E+00    0.000000E+00    0.000000E+00    0.000000E+00
    0.000000E+00    0.000000E+00    0.000000E+00    0.000000E+00    0.000000E+00    0.000000E+00
    0.000000E+00    0.000000E+00    0.000000E+00
      7000
   -0.985423E+03   -0.747690E+03    0.000000E+00    0.000000E+00   -0.985423E+03    0.000000E+00
    0.000000E+00    0.000000E+00    0.000000E+00    0.000000E+00    0.000000E+00    0.000000E+00
    0.161968E+04    0.117438E+02    0.117438E+02    0.117438E+02    0.900000E+02    0.900000E+02
    0.900000E+02    0.971058E+06    0.559041E+06
      512.000000
        1.000000
   -0.703721E+03    0.000000E+00    0.000000E+00    0.000000E+00    0.000000E+00    0.000000E+00
    0.000000E+00   -0.703721E+03    0.000000E+00    0.000000E+00    0.000000E+00    0.000000E+00
    0.000000E+00    0.000000E+00    0.000000E+00    0.000000E+00    0.000000E+00    0.000000E+00
    0.000000E+00    0.000000E+00    0.000000E+00
      8000
   -0.101994E+04   -0.782486E+03    0.000000E+00    0.000000E+00   -0.101994E+04    0.000000E+00
    0.000000E+00    0.000000E+00    0.000000E+00    0.000000E+00    0.000000E+00    0.000000E+00
    0.161775E+04    0.117392E+02    0.117392E+02    0.117392E+02    0.900000E+02    0.900000E+02
    0.900000E+02    0.104027E+07    0.612284E+06
      512.000000
        1.000000
   -0.703721E+03    0.000000E+00    0.000000E+00    0.000000E+00    0.000000E+00    0.000000E+00
    0.000000E+00   -0.703721E+03    0.000000E+00    0.000000E+00    0.000000E+00    0.000000E+00
    0.000000E+00    0.000000E+00    0.000000E+00    0.000000E+00    0.000000E+00    0.000000E+00
    0.000000E+00    0.000000E+00    0.000000E+00
      9000
   -0.103660E+04   -0.799237E+03    0.000000E+00    0.000000E+00   -0.103660E+04    0.000000E+00
    0.000000E+00    0.000000E+00    0.000000E+00    0.000000E+00    0.000000E+00    0.000000E+00
    0.161713E+04    0.117377E+02    0.117377E+02    0.117377E+02    0.900000E+02    0.900000E+02
    0.900000E+02    0.107453E+07    0.638780E+06
      512.000000
        1.000000
   -0.703721E+03    0.000000E+00    0.000000E+00    0.000000E+00    0.000000E+00    0.000000E+00
    0.000000E+00   -0.703721E+03    0.000000E+00    0.000000E+00    0.000000E+00    0.000000E+00
    0.000000E+00    0.000000E+00    0.000000E+00    0.000000E+00    0.000000E+00    0.000000E+00
    0.000000E+00    0.000000E+00    0.000000E+00
     10000
   -0.103354E+04   -0.796104E+03    0.000000E+00    0.000000E+00   -0.103354E+04    0.000000E+00
    0.000000E+00    0.000000E+00    0.000000E+00    0.000000E+00    0.000000E+00    0.000000E+00
    0.161768E+04    0.117390E+02    0.117390E+02    0.117390E+02    0.900000E+02    0.900000E+02
    0.900000E+02    0.106821E+07    0.633781E+06
      512.000000
        1.000000
   -0.703721E+03    0.000000E+00    0.000000E+00    0.000000E+00    0.000000E+00    0.000000E+00
    0.000000E+00   -0.703721E+03    0.000000E+00    0.000000E+00    0.000000E+00    0.000000E+00
    0.000000E+00    0.000000E+00    0.000000E+00    0.000000E+00    0.000000E+00    0.000000E+00
    0.000000E+00    0.000000E+00    0.000000E+00
     11000
   -0.102325E+04   -0.785360E+03    0.000000E+00    0.000000E+00   -0.102325E+04    0.000000E+00
    0.000000E+00    0.000000E+00    0.000000E+00    0.000000E+00    0.000000E+00    0.000000E+00
    0.162077E+04    0.117465E+02    0.117465E+02    0.117465E+02    0.900000E+02    0.900000E+02
    0.900000E+02    0.104705E+07    0.616791E+06
      512.000000
        1.000000
   -0.703721E+03    0.000000E+00    0.000000E+00    0.000000E+00    0.000000E+00    0.000000E+00
    0.000000E+00   -0.703721E+03    0.000000E+00    0.000000E+00    0.000000E+00    0.000000E+00
    0.000000E+00    0.000000E+00    0.000000E+00    0.000000E+00    0.000000E+00    0.000000E+00
    0.000000E+00    0.000000E+00    0.000000E+00
     12000
   -0.104661E+04   -0.808943E+03    0.000000E+00    0.000000E+00   -0.104661E+04    0.000000E+00
    0.000000E+00    0.000000E+00    0.000000E+00    0.000000E+00    0.000000E+00    0.000000E+00
    0.161926E+04    0.117428E+02    0.117428E+02    0.117428E+02    0.900000E+02    0.900000E+02
    0.900000E+02    0.109540E+07    0.654388E+06
      512.000000
        1.000000
   -0.703721E+03    0.000000E+00    0.000000E+00    0.000000E+00    0.000000E+00    0.000000E+00
    0.000000E+00   -0.703721E+03    0.000000E+00    0.000000E+00    0.000000E+00    0.000000E+00
    0.000000E+00    0.000000E+00    0.000000E+00    0.000000E+00    0.000000E+00    0.000000E+00
    0.000000E+00    0.000000E+00    0.000000E+00
     13000
   -0.104923E+04   -0.811563E+03    0.000000E+00    0.000000E+00   -0.104923E+04    0.000000E+00
    0.000000E+00    0.000000E+00    0.000000E+00    0.000000E+00    0.000000E+00    0.000000E+00
    0.161926E+04    0.117428E+02    0.117428E+02    0.117428E+02    0.900000E+02    0.900000E+02
    0.900000E+02    0.110089E+07    0.658634E+06
      512.000000
        1.000000
   -0.703721E+03    0.000000E+00    0.000000E+00    0.000000E+00    0.000000E+00    0.000000E+00
    0.000000E+00   -0.703721E+03    0.000000E+00    0.000000E+00    0.000000E+00    0.000000E+00
    0.000000E+00    0.000000E+00    0.000000E+00    0.000000E+00    0.000000E+00    0.000000E+00
    0.000000E+00    0.000000E+00    0.000000E+00
     14000
   -0.106023E+04   -0.822450E+03    0.000000E+00    0.000000E+00   -0.106023E+04    0.000000E+00
    0.000000E+00    0.000000E+00    0.000000E+00    0.000000E+00    0.000000E+00    0.000000E+00
    0.162002E+04    0.117447E+02    0.117447E+02    0.117447E+02    0.900000E+02    0.900000E+02
    0.900000E+02    0.112410E+07    0.676424E+06
      512.000000
        1.000000
   -0.703721E+03    0.000000E+00    0.000000E+00    0.000000E+00    0.000000E+00    0.000000E+00
    0.000000E+00   -0.703721E+03    0.000000E+00    0.000000E+00    0.000000E+00    0.000000E+00
    0.000000E+00    0.000000E+00    0.000000E+00    0.000000E+00    0.000000E+00    0.000000E+00
    0.000000E+00    0.000000E+00    0.000000E+00
     15000
   -0.105725E+04   -0.819465E+03    0.000000E+00    0.000000E+00   -0.105725E+04    0.000000E+00
    0.000000E+00    0.000000E+00    0.000000E+00    0.000000E+00    0.000000E+00    0.000000E+00
    0.162002E+04    0.117447E+02    0.117447E+02    0.117447E+02    0.900000E+02    0.900000E+02
    0.900000E+02    0.111778E+07    0.671524E+06
      512.000000
        1.000000
   -0.703721E+03    0.000000E+00    0.000000E+00    0.000000E+00    0.000000E+00    0.000000E+00
    0.000000E+00   -0.703721E+03    0.000000E+00    0.000000E+00    0.000000E+00    0.000000E+00
    0.000000E+00    0.000000E+00    0.000000E+00    0.000000E+00    0.000000E+00    0.000000E+00
    0.000000E+00    0.000000E+00    0.000000E+00
     16000
   -0.106554E+04   -0.827596E+03    0.000000E+00    0.000000E+00   -0.106554E+04    0.000000E+00
    0.000000E+00    0.000000E+00    0.000000E+00    0.000000E+00    0.000000E+00    0.000000E+00
    0.162109E+04    0.117472E+02    0.117472E+02    0.117472E+02    0.900000E+02    0.900000E+02
    0.900000E+02    0.113537E+07    0.684916E+06
      512.000000
        1.000000
   -0.703721E+03    0.000000E+00    0.000000E+00    0.000000E+00    0.000000E+00    0.000000E+00
    0.000000E+00   -0.703721E+03    0.000000E+00    0.000000E+00    0.000000E+00    0.000000E+00
    0.000000E+00    0.000000E+00    0.000000E+00    0.000000E+00    0.000000E+00    0.000000E+00
    0.000000E+00    0.000000E+00    0.000000E+00
     17000
   -0.105697E+04   -0.819389E+03    0.000000E+00    0.000000E+00   -0.105697E+04    0.000000E+00
    0.000000E+00    0.000000E+00    0.000000E+00    0.000000E+00    0.000000E+00    0.000000E+00
    0.161863E+04    0.117413E+02    0.117413E+02    0.117413E+02    0.900000E+02    0.900000E+02
    0.900000E+02    0.111718E+07    0.671398E+06
      512.000000
        1.000000
   -0.703721E+03    0.000000E+00    0.000000E+00    0.000000E+00    0.000000E+00    0.000000E+00
    0.000000E+00   -0.703721E+03    0.000000E+00    0.000000E+00    0.000000E+00    0.000000E+00
    0.000000E+00    0.000000E+00    0.000000E+00    0.000000E+00    0.000000E+00    0.000000E+00
    0.000000E+00    0.000000E+00    0.000000E+00
     18000
   -0.108273E+04   -0.845007E+03    0.000000E+00    0.000000E+00   -0.108273E+04    0.000000E+00
    0.000000E+00    0.000000E+00    0.000000E+00    0.000000E+00    0.000000E+00    0.000000E+00
    0.161958E+04    0.117436E+02    0.117436E+02    0.117436E+02    0.900000E+02    0.900000E+02
    0.900000E+02    0.117229E+07    0.714037E+06
      512.000000
        1.000000
   -0.703721E+03    0.000000E+00    0.000000E+00    0.000000E+00    0.000000E+00    0.000000E+00
    0.000000E+00   -0.703721E+03    0.000000E+00    0.000000E+00    0.000000E+00    0.000000E+00
    0.000000E+00    0.000000E+00    0.000000E+00    0.000000E+00    0.000000E+00    0.000000E+00
    0.000000E+00    0.000000E+00    0.000000E+00
     19000
   -0.108118E+04   -0.843164E+03    0.000000E+00    0.000000E+00   -0.108118E+04    0.000000E+00
    0.000000E+00    0.000000E+00    0.000000E+00    0.000000E+00    0.000000E+00    0.000000E+00
    0.162162E+04    0.117485E+02    0.117485E+02    0.117485E+02    0.900000E+02    0.900000E+02
    0.900000E+02    0.116896E+07    0.710926E+06
      512.000000
        1.000000
   -0.703721E+03    0.000000E+00    0.000000E+00    0.000000E+00    0.000000E+00    0.000000E+00
    0.000000E+00   -0.703721E+03    0.000000E+00    0.000000E+00    0.000000E+00    0.000000E+00
    0.000000E+00    0.000000E+00    0.000000E+00    0.000000E+00    0.000000E+00    0.000000E+00
    0.000000E+00    0.000000E+00    0.000000E+00
     20000
   -0.106644E+04   -0.828031E+03    0.000000E+00    0.000000E+00   -0.106644E+04    0.000000E+00
    0.000000E+00    0.000000E+00    0.000000E+00    0.000000E+00    0.000000E+00    0.000000E+00
    0.162429E+04    0.117550E+02    0.117550E+02    0.117550E+02    0.900000E+02    0.900000E+02
    0.900000E+02    0.113730E+07    0.685636E+06
      512.000000
        1.000000
   -0.703721E+03    0.000000E+00    0.000000E+00    0.000000E+00    0.000000E+00    0.000000E+00
    0.000000E+00   -0.703721E+03    0.000000E+00    0.000000E+00    0.000000E+00    0.000000E+00
    0.000000E+00    0.000000E+00    0.000000E+00    0.000000E+00    0.000000E+00    0.000000E+00
    0.000000E+00    0.000000E+00    0.000000E+00
     21000
   -0.108280E+04   -0.844744E+03    0.000000E+00    0.000000E+00   -0.108280E+04    0.000000E+00
    0.000000E+00    0.000000E+00    0.000000E+00    0.000000E+00    0.000000E+00    0.000000E+00
    0.162187E+04    0.117491E+02    0.117491E+02    0.117491E+02    0.900000E+02    0.900000E+02
    0.900000E+02    0.117245E+07    0.713593E+06
      512.000000
        1.000000
   -0.703721E+03    0.000000E+00    0.000000E+00    0.000000E+00    0.000000E+00    0.000000E+00
    0.000000E+00   -0.703721E+03    0.000000E+00    0.000000E+00    0.000000E+00    0.000000E+00
    0.000000E+00    0.000000E+00    0.000000E+00    0.000000E+00    0.000000E+00    0.000000E+00
    0.000000E+00    0.000000E+00    0.000000E+00
     22000
   -0.109051E+04   -0.852454E+03    0.000000E+00    0.000000E+00   -0.109051E+04    0.000000E+00
    0.000000E+00    0.000000E+00    0.000000E+00    0.000000E+00    0.000000E+00    0.000000E+00
    0.162187E+04    0.117491E+02    0.117491E+02    0.117491E+02    0.900000E+02    0.900000E+02
    0.900000E+02    0.118921E+07    0.726679E+06
      512.000000
        1.000000
   -0.703721E+03    0.000000E+00    0.000000E+00    0.000000E+00    0.000000E+00    0.000000E+00
    0.000000E+00   -0.703721E+03    0.000000E+00    0.000000E+00    0.000000E+00    0.000000E+00
    0.000000E+00    0.000000E+00    0.000000E+00    0.000000E+00    0.000000E+00    0.000000E+00
    0.000000E+00    0.000000E+00    0.000000E+00
     23000
   -0.108610E+04   -0.848463E+03    0.000000E+00    0.000000E+00   -0.108610E+04    0.000000E+00
    0.000000E+00    0.000000E+00    0.000000E+00    0.000000E+00    0.000000E+00    0.000000E+00
    0.161904E+04    0.117423E+02    0.117423E+02    0.117423E+02    0.900000E+02    0.900000E+02
    0.900000E+02    0.117962E+07    0.719890E+06
      512.000000
        1.000000
   -0.703721E+03    0.000000E+00    0.000000E+00    0.000000E+00    0.000000E+00    0.000000E+00
    0.000000E+00   -0.703721E+03    0.000000E+00    0.000000E+00    0.000000E+00    0.000000E+00
    0.000000E+00    0.000000E+00    0.000000E+00    0.000000E+00    0.000000E+00    0.000000E+00
    0.000000E+00    0.000000E+00    0.000000E+00
     24000
   -0.109204E+04   -0.854473E+03    0.000000E+00    0.000000E+00   -0.109204E+04    0.000000E+00
    0.000000E+00    0.000000E+00    0.000000E+00    0.000000E+00    0.000000E+00    0.000000E+00
    0.161855E+04    0.117411E+02    0.117411E+02    0.117411E+02    0.900000E+02    0.900000E+02
    0.900000E+02    0.119255E+07    0.730125E+06
      512.000000
        1.000000
   -0.703721E+03    0.000000E+00    0.000000E+00    0.000000E+00    0.000000E+00    0.000000E+00
    0.000000E+00   -0.703721E+03    0.000000E+00    0.000000E+00    0.000000E+00    0.000000E+00
    0.000000E+00    0.000000E+00    0.000000E+00    0.000000E+00    0.000000E+00    0.000000E+00
    0.000000E+00    0.000000E+00    0.000000E+00
     25000
   -0.109904E+04   -0.861256E+03    0.000000E+00    0.000000E+00   -0.109904E+04    0.000000E+00
    0.000000E+00    0.000000E+00    0.000000E+00    0.000000E+00    0.000000E+00    0.000000E+00
    0.162003E+04    0.117447E+02    0.117447E+02    0.117447E+02    0.900000E+02    0.900000E+02
    0.900000E+02    0.120789E+07    0.741761E+06
      512.000000
        1.000000
   -0.703721E+03    0.000000E+00    0.000000E+00    0.000000E+00    0.000000E+00    0.000000E+00
    0.000000E+00   -0.703721E+03    0.000000E+00    0.000000E+00    0.000000E+00    0.000000E+00
    0.000000E+00    0.000000E+00    0.000000E+00    0.000000E+00    0.000000E+00    0.000000E+00
    0.000000E+00    0.000000E+00    0.000000E+00
     26000
   -0.109908E+04   -0.860814E+03    0.000000E+00    0.000000E+00   -0.109908E+04    0.000000E+00
    0.000000E+00    0.000000E+00    0.000000E+00    0.000000E+00    0.000000E+00    0.000000E+00
    0.162331E+04    0.117526E+02    0.117526E+02    0.117526E+02    0.900000E+02    0.900000E+02
    0.900000E+02    0.120798E+07    0.741000E+06
      512.000000
        1.000000
   -0.703721E+03    0.000000E+00    0.000000E+00    0.000000E+00    0.000000E+00    0.000000E+00
    0.000000E+00   -0.703721E+03    0.000000E+00    0.000000E+00    0.000000E+00    0.000000E+00
    0.000000E+00    0.000000E+00    0.000000E+00    0.000000E+00    0.000000E+00    0.000000E+00
    0.000000E+00    0.000000E+00    0.000000E+00
     27000
   -0.110542E+04   -0.867336E+03    0.000000E+00    0.000000E+00   -0.110542E+04    0.000000E+00
    0.000000E+00    0.000000E+00    0.000000E+00    0.000000E+00    0.000000E+00    0.000000E+00
    0.162209E+04    0.117497E+02    0.117497E+02    0.117497E+02    0.900000E+02    0.900000E+02
    0.900000E+02    0.122196E+07    0.752273E+06
      512.000000
        1.000000
   -0.703721E+03    0.000000E+00    0.000000E+00    0.000000E+00    0.000000E+00    0.000000E+00
    0.000000E+00   -0.703721E+03    0.000000E+00    0.000000E+00    0.000000E+00    0.000000E+00
    0.000000E+00    0.000000E+00    0.000000E+00    0.000000E+00    0.000000E+00    0.000000E+00
    0.000000E+00    0.000000E+00    0.000000E+00
     28000
   -0.111264E+04   -0.874820E+03    0.000000E+00    0.000000E+00   -0.111264E+04    0.000000E+00
    0.000000E+00    0.000000E+00    0.000000E+00    0.000000E+00    0.000000E+00    0.000000E+00
    0.162024E+04    0.117452E+02    0.117452E+02    0.117452E+02    0.900000E+02    0.900000E+02
    0.900000E+02    0.123796E+07    0.765310E+06
      512.000000
        1.000000
   -0.703721E+03    0.000000E+00    0.000000E+00    0.000000E+00    0.000000E+00    0.000000E+00
    0.000000E+00   -0.703721E+03    0.000000E+00    0.000000E+00    0.000000E+00    0.000000E+00
    0.000000E+00    0.000000E+00    0.000000E+00    0.000000E+00    0.000000E+00    0.000000E+00
    0.000000E+00    0.000000E+00    0.000000E+00
     29000
   -0.110130E+04   -0.863484E+03    0.000000E+00    0.000000E+00   -0.110130E+04    0.000000E+00
    0.000000E+00    0.000000E+00    0.000000E+00    0.000000E+00    0.000000E+00    0.000000E+00
    0.162024E+04    0.117452E+02    0.117452E+02    0.117452E+02    0.900000E+02    0.900000E+02
    0.900000E+02    0.121286E+07    0.745605E+06
      512.000000
        1.000000
   -0.703721E+03    0.000000E+00    0.000000E+00    0.000000E+00    0.000000E+00    0.000000E+00
    0.000000E+00   -0.703721E+03    0.000000E+00    0.000000E+00    0.000000E+00    0.000000E+00
    0.000000E+00    0.000000E+00    0.000000E+00    0.000000E+00    0.000000E+00    0.000000E+00
    0.000000E+00    0.000000E+00    0.000000E+00
     30000
   -0.105557E+04   -0.818650E+03    0.000000E+00    0.000000E+00   -0.105557E+04    0.000000E+00
    0.000000E+00    0.000000E+00    0.000000E+00    0.000000E+00    0.000000E+00    0.000000E+00
    0.161412E+04    0.117304E+02    0.117304E+02    0.117304E+02    0.900000E+02    0.900000E+02
    0.900000E+02    0.111422E+07    0.670187E+06
      512.000000
        1.000000
   -0.703721E+03    0.000000E+00    0.000000E+00    0.000000E+00    0.000000E+00    0.000000E+00
    0.000000E+00   -0.703721E+03    0.000000E+00    0.000000E+00    0.000000E+00    0.000000E+00
    0.000000E+00    0.000000E+00    0.000000E+00    0.000000E+00    0.000000E+00    0.000000E+00
    0.000000E+00    0.000000E+00    0.000000E+00
     31000
   -0.108060E+04   -0.844457E+03    0.000000E+00    0.000000E+00   -0.108060E+04    0.000000E+00
    0.000000E+00    0.000000E+00    0.000000E+00    0.000000E+00    0.000000E+00    0.000000E+00
    0.160884E+04    0.117176E+02    0.117176E+02    0.117176E+02    0.900000E+02    0.900000E+02
    0.900000E+02    0.116769E+07    0.713107E+06
      512.000000
        1.000000
   -0.703721E+03    0.000000E+00    0.000000E+00    0.000000E+00    0.000000E+00    0.000000E+00
    0.000000E+00   -0.703721E+03    0.000000E+00    0.000000E+00    0.000000E+00    0.000000E+00
    0.000000E+00    0.000000E+00    0.000000E+00    0.000000E+00    0.000000E+00    0.000000E+00
    0.000000E+00    0.000000E+00    0.000000E+00
     32000
   -0.107098E+04   -0.834836E+03    0.000000E+00    0.000000E+00   -0.107098E+04    0.000000E+00
    0.000000E+00    0.000000E+00    0.000000E+00    0.000000E+00    0.000000E+00    0.000000E+00
    0.160884E+04    0.117176E+02    0.117176E+02    0.117176E+02    0.900000E+02    0.900000E+02
    0.900000E+02    0.114700E+07    0.696952E+06
      512.000000
        1.000000
   -0.703721E+03    0.000000E+00    0.000000E+00    0.000000E+00    0.000000E+00    0.000000E+00
    0.000000E+00   -0.703721E+03    0.000000E+00    0.000000E+00    0.000000E+00    0.000000E+00
    0.000000E+00    0.000000E+00    0.000000E+00    0.000000E+00    0.000000E+00    0.000000E+00
    0.000000E+00    0.000000E+00    0.000000E+00
     33000
   -0.108168E+04   -0.845536E+03    0.000000E+00    0.000000E+00   -0.108168E+04    0.000000E+00
    0.000000E+00    0.000000E+00    0.000000E+00    0.000000E+00    0.000000E+00    0.000000E+00
    0.160884E+04    0.117176E+02    0.117176E+02    0.117176E+02    0.900000E+02    0.900000E+02
    0.900000E+02    0.117003E+07    0.714931E+06
      512.000000
        1.000000
   -0.703721E+03    0.000000E+00    0.000000E+00    0.000000E+00    0.000000E+00    0.000000E+00
    0.000000E+00   -0.703721E+03    0.000000E+00    0.000000E+00    0.000000E+00    0.000000E+00
    0.000000E+00    0.000000E+00    0.000000E+00    0.000000E+00    0.000000E+00    0.000000E+00
    0.000000E+00    0.000000E+00    0.000000E+00
     34000
   -0.106781E+04   -0.832204E+03    0.000000E+00    0.000000E+00   -0.106781E+04    0.000000E+00
    0.000000E+00    0.000000E+00    0.000000E+00    0.000000E+00    0.000000E+00    0.000000E+00
    0.160517E+04    0.117086E+02    0.117086E+02    0.117086E+02    0.900000E+02    0.900000E+02
    0.900000E+02    0.114021E+07    0.692564E+06
      512.000000
        1.000000
   -0.703721E+03    0.000000E+00    0.000000E+00    0.000000E+00    0.000000E+00    0.000000E+00
    0.000000E+00   -0.703721E+03    0.000000E+00    0.000000E+00    0.000000E+00    0.000000E+00
    0.000000E+00    0.000000E+00    0.000000E+00    0.000000E+00    0.000000E+00    0.000000E+00
    0.000000E+00    0.000000E+00    0.000000E+00
     35000
   -0.108814E+04   -0.851948E+03    0.000000E+00    0.000000E+00   -0.108814E+04    0.000000E+00
    0.000000E+00    0.000000E+00    0.000000E+00    0.000000E+00    0.000000E+00    0.000000E+00
    0.160915E+04    0.117183E+02    0.117183E+02    0.117183E+02    0.900000E+02    0.900000E+02
    0.900000E+02    0.118404E+07    0.725815E+06
      512.000000
        1.000000
   -0.703721E+03    0.000000E+00    0.000000E+00    0.000000E+00    0.000000E+00    0.000000E+00
    0.000000E+00   -0.703721E+03    0.000000E+00    0.000000E+00    0.000000E+00    0.000000E+00
    0.000000E+00    0.000000E+00    0.000000E+00    0.000000E+00    0.000000E+00    0.000000E+00
    0.000000E+00    0.000000E+00    0.000000E+00
     36000
   -0.109857E+04   -0.863017E+03    0.000000E+00    0.000000E+00   -0.109857E+04    0.000000E+00
    0.000000E+00    0.000000E+00    0.000000E+00    0.000000E+00    0.000000E+00    0.000000E+00
    0.160483E+04    0.117078E+02    0.117078E+02    0.117078E+02    0.900000E+02    0.900000E+02
    0.900000E+02    0.120686E+07    0.744798E+06
      512.000000
        1.000000
   -0.703721E+03    0.000000E+00    0.000000E+00    0.000000E+00    0.000000E+00    0.000000E+00
    0.000000E+00   -0.703721E+03    0.000000E+00    0.000000E+00    0.000000E+00    0.000000E+00
    0.000000E+00    0.000000E+00    0.000000E+00    0.000000E+00    0.000000E+00    0.000000E+00
    0.000000E+00    0.000000E+00    0.000000E+00
     37000
   -0.108948E+04   -0.854886E+03    0.000000E+00    0.000000E+00   -0.108948E+04    0.000000E+00
    0.000000E+00    0.000000E+00    0.000000E+00    0.000000E+00    0.000000E+00    0.000000E+00
    0.159830E+04    0.116919E+02    0.116919E+02    0.116919E+02    0.900000E+02    0.900000E+02
    0.900000E+02    0.118697E+07    0.730830E+06
      512.000000
        1.000000
   -0.703721E+03    0.000000E+00    0.000000E+00    0.000000E+00    0.000000E+00    0.000000E+00
    0.000000E+00   -0.703721E+03    0.000000E+00    0.000000E+00    0.000000E+00    0.000000E+00
    0.000000E+00    0.000000E+00    0.000000E+00    0.000000E+00    0.000000E+00    0.000000E+00
    0.000000E+00    0.000000E+00    0.000000E+00
     38000
   -0.110766E+04   -0.875401E+03    0.000000E+00    0.000000E+00   -0.110766E+04    0.000000E+00
    0.000000E+00    0.000000E+00    0.000000E+00    0.000000E+00    0.000000E+00    0.000000E+00
    0.158241E+04    0.116530E+02    0.116530E+02    0.116530E+02    0.900000E+02    0.900000E+02
    0.900000E+02    0.122692E+07    0.766328E+06
      512.000000
        1.000000
   -0.703721E+03    0.000000E+00    0.000000E+00    0.000000E+00    0.000000E+00    0.000000E+00
    0.000000E+00   -0.703721E+03    0.000000E+00    0.000000E+00    0.000000E+00    0.000000E+00
    0.000000E+00    0.000000E+00    0.000000E+00    0.000000E+00    0.000000E+00    0.000000E+00
    0.000000E+00    0.000000E+00    0.000000E+00
     39000
   -0.114653E+04   -0.914272E+03    0.000000E+00    0.000000E+00   -0.114653E+04    0.000000E+00
    0.000000E+00    0.000000E+00    0.000000E+00    0.000000E+00    0.000000E+00    0.000000E+00
    0.158241E+04    0.116530E+02    0.116530E+02    0.116530E+02    0.900000E+02    0.900000E+02
    0.900000E+02    0.131454E+07    0.835892E+06
      512.000000
        1.000000
   -0.703721E+03    0.000000E+00    0.000000E+00    0.000000E+00    0.000000E+00    0.000000E+00
    0.000000E+00   -0.703721E+03    0.000000E+00    0.000000E+00    0.000000E+00    0.000000E+00
    0.000000E+00    0.000000E+00    0.000000E+00    0.000000E+00    0.000000E+00    0.000000E+00
    0.000000E+00    0.000000E+00    0.000000E+00
     40000
   -0.115899E+04   -0.930046E+03    0.000000E+00    0.000000E+00   -0.115899E+04    0.000000E+00
    0.000000E+00    0.000000E+00    0.000000E+00    0.000000E+00    0.000000E+00    0.000000E+00
    0.155978E+04    0.115972E+02    0.115972E+02    0.115972E+02    0.900000E+02    0.900000E+02
    0.900000E+02    0.134325E+07    0.864985E+06
      512.000000
        1.000000
   -0.703721E+03    0.000000E+00    0.000000E+00    0.000000E+00    0.000000E+00    0.000000E+00
    0.000000E+00   -0.703721E+03    0.000000E+00    0.000000E+00    0.000000E+00    0.000000E+00
    0.000000E+00    0.000000E+00    0.000000E+00    0.000000E+00    0.000000E+00    0.000000E+00
    0.000000E+00    0.000000E+00    0.000000E+00
     41000
   -0.113508E+04   -0.905434E+03    0.000000E+00    0.000000E+00   -0.113508E+04    0.000000E+00
    0.000000E+00    0.000000E+00    0.000000E+00    0.000000E+00    0.000000E+00    0.000000E+00
    0.156458E+04    0.116091E+02    0.116091E+02    0.116091E+02    0.900000E+02    0.900000E+02
    0.900000E+02    0.128841E+07    0.819812E+06
      512.000000
        1.000000
   -0.703721E+03    0.000000E+00    0.000000E+00    0.000000E+00    0.000000E+00    0.000000E+00
    0.000000E+00   -0.703721E+03    0.000000E+00    0.000000E+00    0.000000E+00    0.000000E+00
    0.000000E+00    0.000000E+00    0.000000E+00    0.000000E+00    0.000000E+00    0.000000E+00
    0.000000E+00    0.000000E+00    0.000000E+00
     42000
   -0.114306E+04   -0.913418E+03    0.000000E+00    0.000000E+00   -0.114306E+04    0.000000E+00
    0.000000E+00    0.000000E+00    0.000000E+00    0.000000E+00    0.000000E+00    0.000000E+00
    0.156458E+04    0.116091E+02    0.116091E+02    0.116091E+02    0.900000E+02    0.900000E+02
    0.900000E+02    0.130659E+07    0.834332E+06
      512.000000
        1.000000
   -0.703721E+03    0.000000E+00    0.000000E+00    0.000000E+00    0.000000E+00    0.000000E+00
    0.000000E+00   -0.703721E+03    0.000000E+00    0.000000E+00    0.000000E+00    0.000000E+00
    0.000000E+00    0.000000E+00    0.000000E+00    0.000000E+00    0.000000E+00    0.000000E+00
    0.000000E+00    0.000000E+00    0.000000E+00
     43000
   -0.115161E+04   -0.922569E+03    0.000000E+00    0.000000E+00   -0.115161E+04    0.000000E+00
    0.000000E+00    0.000000E+00    0.000000E+00    0.000000E+00    0.000000E+00    0.000000E+00
    0.156049E+04    0.115990E+02    0.115990E+02    0.115990E+02    0.900000E+02    0.900000E+02
    0.900000E+02    0.132622E+07    0.851134E+06
      512.000000
        1.000000
   -0.703721E+03    0.000000E+00    0.000000E+00    0.000000E+00    0.000000E+00    0.000000E+00
    0.000000E+00   -0.703721E+03    0.000000E+00    0.000000E+00    0.000000E+00    0.000000E+00
    0.000000E+00    0.000000E+00    0.000000E+00    0.000000E+00    0.000000E+00    0.000000E+00
    0.000000E+00    0.000000E+00    0.000000E+00
     44000
   -0.113574E+04   -0.906969E+03    0.000000E+00    0.000000E+00   -0.113574E+04    0.000000E+00
    0.000000E+00    0.000000E+00    0.000000E+00    0.000000E+00    0.000000E+00    0.000000E+00
    0.155859E+04    0.115943E+02    0.115943E+02    0.115943E+02    0.900000E+02    0.900000E+02
    0.900000E+02    0.128990E+07    0.822593E+06
      512.000000
        1.000000
   -0.703721E+03    0.000000E+00    0.000000E+00    0.000000E+00    0.000000E+00    0.000000E+00
    0.000000E+00   -0.703721E+03    0.000000E+00    0.000000E+00    0.000000E+00    0.000000E+00
    0.000000E+00    0.000000E+00    0.000000E+00    0.000000E+00    0.000000E+00    0.000000E+00
    0.000000E+00    0.000000E+00    0.000000E+00
     45000
   -0.115136E+04   -0.922009E+03    0.000000E+00    0.000000E+00   -0.115136E+04    0.000000E+00
    0.000000E+00    0.000000E+00    0.000000E+00    0.000000E+00    0.000000E+00    0.000000E+00
    0.156255E+04    0.116041E+02    0.116041E+02    0.116041E+02    0.900000E+02    0.900000E+02
    0.900000E+02    0.132562E+07    0.850101E+06
      512.000000
        1.000000
   -0.703721E+03    0.000000E+00    0.000000E+00    0.000000E+00    0.000000E+00    0.000000E+00
    0.000000E+00   -0.703721E+03    0.000000E+00    0.000000E+00    0.000000E+00    0.000000E+00
    0.000000E+00    0.000000E+00    0.000000E+00    0.000000E+00    0.000000E+00    0.000000E+00
    0.000000E+00    0.000000E+00    0.000000E+00
     46000
   -0.115215E+04   -0.922946E+03    0.000000E+00    0.000000E+00   -0.115215E+04    0.000000E+00
    0.000000E+00    0.000000E+00    0.000000E+00    0.000000E+00    0.000000E+00    0.000000E+00
    0.156157E+04    0.116017E+02    0.116017E+02    0.116017E+02    0.900000E+02    0.900000E+02
    0.900000E+02    0.132745E+07    0.851830E+06
      512.000000
        1.000000
   -0.703721E+03    0.000000E+00    0.000000E+00    0.000000E+00    0.000000E+00    0.000000E+00
    0.000000E+00   -0.703721E+03    0.000000E+00    0.000000E+00    0.000000E+00    0.000000E+00
    0.000000E+00    0.000000E+00    0.000000E+00    0.000000E+00    0.000000E+00    0.000000E+00
    0.000000E+00    0.000000E+00    0.000000E+00
     47000
   -0.114907E+04   -0.918904E+03    0.000000E+00    0.000000E+00   -0.114907E+04    0.000000E+00
    0.000000E+00    0.000000E+00    0.000000E+00    0.000000E+00    0.000000E+00    0.000000E+00
    0.156812E+04    0.116179E+02    0.116179E+02    0.116179E+02    0.900000E+02    0.900000E+02
    0.900000E+02    0.132036E+07    0.844384E+06
      512.000000
        1.000000
   -0.703721E+03    0.000000E+00    0.000000E+00    0.000000E+00    0.000000E+00    0.000000E+00
    0.000000E+00   -0.703721E+03    0.000000E+00    0.000000E+00    0.000000E+00    0.000000E+00
    0.000000E+00    0.000000E+00    0.000000E+00    0.000000E+00    0.000000E+00    0.000000E+00
    0.000000E+00    0.000000E+00    0.000000E+00
     48000
   -0.115505E+04   -0.924880E+03    0.000000E+00    0.000000E+00   -0.115505E+04    0.000000E+00
    0.000000E+00    0.000000E+00    0.000000E+00    0.000000E+00    0.000000E+00    0.000000E+00
    0.156812E+04    0.116179E+02    0.116179E+02    0.116179E+02    0.900000E+02    0.900000E+02
    0.900000E+02    0.133413E+07    0.855403E+06
      512.000000
        1.000000
   -0.703721E+03    0.000000E+00    0.000000E+00    0.000000E+00    0.000000E+00    0.000000E+00
    0.000000E+00   -0.703721E+03    0.000000E+00    0.000000E+00    0.000000E+00    0.000000E+00
    0.000000E+00    0.000000E+00    0.000000E+00    0.000000E+00    0.000000E+00    0.000000E+00
    0.000000E+00    0.000000E+00    0.000000E+00
     49000
   -0.112427E+04   -0.894362E+03    0.000000E+00    0.000000E+00   -0.112427E+04    0.000000E+00
    0.000000E+00    0.000000E+00    0.000000E+00    0.000000E+00    0.000000E+00    0.000000E+00
    0.156636E+04    0.116135E+02    0.116135E+02    0.116135E+02    0.900000E+02    0.900000E+02
    0.900000E+02    0.126398E+07    0.799883E+06
      512.000000
        1.000000
   -0.703721E+03    0.000000E+00    0.000000E+00    0.000000E+00    0.000000E+00    0.000000E+00
    0.000000E+00   -0.703721E+03    0.000000E+00    0.000000E+00    0.000000E+00    0.000000E+00
    0.000000E+00    0.000000E+00    0.000000E+00    0.000000E+00    0.000000E+00    0.000000E+00
    0.000000E+00    0.000000E+00    0.000000E+00
     50000
   -0.113367E+04   -0.902626E+03    0.000000E+00    0.000000E+00   -0.113367E+04    0.000000E+00
    0.000000E+00    0.000000E+00    0.000000E+00    0.000000E+00    0.000000E+00    0.000000E+00
    0.157412E+04    0.116327E+02    0.116327E+02    0.116327E+02    0.900000E+02    0.900000E+02
    0.900000E+02    0.128521E+07    0.814734E+06
      512.000000
        1.000000
   -0.703721E+03    0.000000E+00    0.000000E+00    0.000000E+00    0.000000E+00    0.000000E+00
    0.000000E+00   -0.703721E+03    0.000000E+00    0.000000E+00    0.000000E+00    0.000000E+00
    0.000000E+00    0.000000E+00    0.000000E+00    0.000000E+00    0.000000E+00    0.000000E+00
    0.000000E+00    0.000000E+00    0.000000E+00
     51000
   -0.112858E+04   -0.897754E+03    0.000000E+00    0.000000E+00   -0.112858E+04    0.000000E+00
    0.000000E+00    0.000000E+00    0.000000E+00    0.000000E+00    0.000000E+00    0.000000E+00
    0.157261E+04    0.116289E+02    0.116289E+02    0.116289E+02    0.900000E+02    0.900000E+02
    0.900000E+02    0.127369E+07    0.805963E+06
      512.000000
        1.000000
   -0.703721E+03    0.000000E+00    0.000000E+00    0.000000E+00    0.000000E+00    0.000000E+00
    0.000000E+00   -0.703721E+03    0.000000E+00    0.000000E+00    0.000000E+00    0.000000E+00
    0.000000E+00    0.000000E+00    0.000000E+00    0.000000E+00    0.000000E+00    0.000000E+00
    0.000000E+00    0.000000E+00    0.000000E+00
     52000
   -0.112916E+04   -0.896701E+03    0.000000E+00    0.000000E+00   -0.112916E+04    0.000000E+00
    0.000000E+00    0.000000E+00    0.000000E+00    0.000000E+00    0.000000E+00    0.000000E+00
    0.158376E+04    0.116564E+02    0.116564E+02    0.116564E+02    0.900000E+02    0.900000E+02
    0.900000E+02    0.127501E+07    0.804073E+06
      512.000000
        1.000000
   -0.703721E+03    0.000000E+00    0.000000E+00    0.000000E+00    0.000000E+00    0.000000E+00
    0.000000E+00   -0.703721E+03    0.000000E+00    0.000000E+00    0.000000E+00    0.000000E+00
    0.000000E+00    0.000000E+00    0.000000E+00    0.000000E+00    0.000000E+00    0.000000E+00
    0.000000E+00    0.000000E+00    0.000000E+00
     53000
   -0.114177E+04   -0.909310E+03    0.000000E+00    0.000000E+00   -0.114177E+04    0.000000E+00
    0.000000E+00    0.000000E+00    0.000000E+00    0.000000E+00    0.000000E+00    0.000000E+00
    0.158376E+04    0.116564E+02    0.116564E+02    0.116564E+02    0.900000E+02    0.900000E+02
    0.900000E+02    0.130364E+07    0.826844E+06
      512.000000
        1.000000
   -0.703721E+03    0.000000E+00    0.000000E+00    0.000000E+00    0.000000E+00    0.000000E+00
    0.000000E+00   -0.703721E+03    0.000000E+00    0.000000E+00    0.000000E+00    0.000000E+00
    0.000000E+00    0.000000E+00    0.000000E+00    0.000000E+00    0.000000E+00    0.000000E+00
    0.000000E+00    0.000000E+00    0.000000E+00
     54000
   -0.115850E+04   -0.927563E+03    0.000000E+00    0.000000E+00   -0.115850E+04    0.000000E+00
    0.000000E+00    0.000000E+00    0.000000E+00    0.000000E+00    0.000000E+00    0.000000E+00
    0.157337E+04    0.116308E+02    0.116308E+02    0.116308E+02    0.900000E+02    0.900000E+02
    0.900000E+02    0.134212E+07    0.860373E+06
      512.000000
        1.000000
   -0.703721E+03    0.000000E+00    0.000000E+00    0.000000E+00    0.000000E+00    0.000000E+00
    0.000000E+00   -0.703721E+03    0.000000E+00    0.000000E+00    0.000000E+00    0.000000E+00
    0.000000E+00    0.000000E+00    0.000000E+00    0.000000E+00    0.000000E+00    0.000000E+00
    0.000000E+00    0.000000E+00    0.000000E+00
     55000
   -0.116497E+04   -0.935779E+03    0.000000E+00    0.000000E+00   -0.116497E+04    0.000000E+00
    0.000000E+00    0.000000E+00    0.000000E+00    0.000000E+00    0.000000E+00    0.000000E+00
    0.156149E+04    0.116015E+02    0.116015E+02    0.116015E+02    0.900000E+02    0.900000E+02
    0.900000E+02    0.135716E+07    0.875682E+06
      512.000000
        1.000000
   -0.703721E+03    0.000000E+00    0.000000E+00    0.000000E+00    0.000000E+00    0.000000E+00
    0.000000E+00   -0.703721E+03    0.000000E+00    0.000000E+00    0.000000E+00    0.000000E+00
    0.000000E+00    0.000000E+00    0.000000E+00    0.000000E+00    0.000000E+00    0.000000E+00
    0.000000E+00    0.000000E+00    0.000000E+00
     56000
   -0.117034E+04   -0.941871E+03    0.000000E+00    0.000000E+00   -0.117034E+04    0.000000E+00
    0.000000E+00    0.000000E+00    0.000000E+00    0.000000E+00    0.000000E+00    0.000000E+00
    0.155654E+04    0.115892E+02    0.115892E+02    0.115892E+02    0.900000E+02    0.900000E+02
    0.900000E+02    0.136969E+07    0.887122E+06
      512.000000
        1.000000
   -0.703721E+03    0.000000E+00    0.000000E+00    0.000000E+00    0.000000E+00    0.000000E+00
    0.000000E+00   -0.703721E+03    0.000000E+00    0.000000E+00    0.000000E+00    0.000000E+00
    0.000000E+00    0.000000E+00    0.000000E+00    0.000000E+00    0.000000E+00    0.000000E+00
    0.000000E+00    0.000000E+00    0.000000E+00
     57000
   -0.118128E+04   -0.952294E+03    0.000000E+00    0.000000E+00   -0.118128E+04    0.000000E+00
    0.000000E+00    0.000000E+00    0.000000E+00    0.000000E+00    0.000000E+00    0.000000E+00
    0.156010E+04    0.115980E+02    0.115980E+02    0.115980E+02    0.900000E+02    0.900000E+02
    0.900000E+02    0.139543E+07    0.906864E+06
      512.000000
        1.000000
   -0.703721E+03    0.000000E+00    0.000000E+00    0.000000E+00    0.000000E+00    0.000000E+00
    0.000000E+00   -0.703721E+03    0.000000E+00    0.000000E+00    0.000000E+00    0.000000E+00
    0.000000E+00    0.000000E+00    0.000000E+00    0.000000E+00    0.000000E+00    0.000000E+00
    0.000000E+00    0.000000E+00    0.000000E+00
     58000
   -0.118506E+04   -0.956075E+03    0.000000E+00    0.000000E+00   -0.118506E+04    0.000000E+00
    0.000000E+00    0.000000E+00    0.000000E+00    0.000000E+00    0.000000E+00    0.000000E+00
    0.156010E+04    0.115980E+02    0.115980E+02    0.115980E+02    0.900000E+02    0.900000E+02
    0.900000E+02    0.140438E+07    0.914079E+06
      512.000000
        1.000000
   -0.703721E+03    0.000000E+00    0.000000E+00    0.000000E+00    0.000000E+00    0.000000E+00
    0.000000E+00   -0.703721E+03    0.000000E+00    0.000000E+00    0.000000E+00    0.000000E+00
    0.000000E+00    0.000000E+00    0.000000E+00    0.000000E+00    0.000000E+00    0.000000E+00
    0.000000E+00    0.000000E+00    0.000000E+00
     59000
   -0.118765E+04   -0.960637E+03    0.000000E+00    0.000000E+00   -0.118765E+04    0.000000E+00
    0.000000E+00    0.000000E+00    0.000000E+00    0.000000E+00    0.000000E+00    0.000000E+00
    0.154665E+04    0.115646E+02    0.115646E+02    0.115646E+02    0.900000E+02    0.900000E+02
    0.900000E+02    0.141052E+07    0.922824E+06
      512.000000
        1.000000
   -0.703721E+03    0.000000E+00    0.000000E+00    0.000000E+00    0.000000E+00    0.000000E+00
    0.000000E+00   -0.703721E+03    0.000000E+00    0.000000E+00    0.000000E+00    0.000000E+00
    0.000000E+00    0.000000E+00    0.000000E+00    0.000000E+00    0.000000E+00    0.000000E+00
    0.000000E+00    0.000000E+00    0.000000E+00
     60000
   -0.120599E+04   -0.980212E+03    0.000000E+00    0.000000E+00   -0.120599E+04    0.000000E+00
    0.000000E+00    0.000000E+00    0.000000E+00    0.000000E+00    0.000000E+00    0.000000E+00
    0.153822E+04    0.115436E+02    0.115436E+02    0.115436E+02    0.900000E+02    0.900000E+02
    0.900000E+02    0.145441E+07    0.960815E+06
      512.000000
        1.000000
   -0.703721E+03    0.000000E+00    0.000000E+00    0.000000E+00    0.000000E+00    0.000000E+00
    0.000000E+00   -0.703721E+03    0.000000E+00    0.000000E+00    0.000000E+00    0.000000E+00
    0.000000E+00    0.000000E+00    0.000000E+00    0.000000E+00    0.000000E+00    0.000000E+00
    0.000000E+00    0.000000E+00    0.000000E+00
     61000
   -0.121395E+04   -0.990256E+03    0.000000E+00    0.000000E+00   -0.121395E+04    0.000000E+00
    0.000000E+00    0.000000E+00    0.000000E+00    0.000000E+00    0.000000E+00    0.000000E+00
    0.152400E+04    0.115079E+02    0.115079E+02    0.115079E+02    0.900000E+02    0.900000E+02
    0.900000E+02    0.147366E+07    0.980608E+06
      512.000000
        1.000000
   -0.703721E+03    0.000000E+00    0.000000E+00    0.000000E+00    0.000000E+00    0.000000E+00
    0.000000E+00   -0.703721E+03    0.000000E+00    0.000000E+00    0.000000E+00    0.000000E+00
    0.000000E+00    0.000000E+00    0.000000E+00    0.000000E+00    0.000000E+00    0.000000E+00
    0.000000E+00    0.000000E+00    0.000000E+00
     62000
   -0.120771E+04   -0.985002E+03    0.000000E+00    0.000000E+00   -0.120771E+04    0.000000E+00
    0.000000E+00    0.000000E+00    0.000000E+00    0.000000E+00    0.000000E+00    0.000000E+00
    0.151731E+04    0.114910E+02    0.114910E+02    0.114910E+02    0.900000E+02    0.900000E+02
    0.900000E+02    0.145856E+07    0.970229E+06
      512.000000
        1.000000
   -0.703721E+03    0.000000E+00    0.000000E+00    0.000000E+00    0.000000E+00    0.000000E+00
    0.000000E+00   -0.703721E+03    0.000000E+00    0.000000E+00    0.000000E+00    0.000000E+00
    0.000000E+00    0.000000E+00    0.000000E+00    0.000000E+00    0.000000E+00    0.000000E+00
    0.000000E+00    0.000000E+00    0.000000E+00
     63000
   -0.122444E+04   -0.100173E+04    0.000000E+00    0.000000E+00   -0.122444E+04    0.000000E+00
    0.000000E+00    0.000000E+00    0.000000E+00    0.000000E+00    0.000000E+00    0.000000E+00
    0.151731E+04    0.114910E+02    0.114910E+02    0.114910E+02    0.900000E+02    0.900000E+02
    0.900000E+02    0.149925E+07    0.100347E+07
      512.000000
        1.000000
   -0.703721E+03    0.000000E+00    0.000000E+00    0.000000E+00    0.000000E+00    0.000000E+00
    0.000000E+00   -0.703721E+03    0.000000E+00    0.000000E+00    0.000000E+00    0.000000E+00
    0.000000E+00    0.000000E+00    0.000000E+00    0.000000E+00    0.000000E+00    0.000000E+00
    0.000000E+00    0.000000E+00    0.000000E+00
     64000
   -0.121081E+04   -0.990212E+03    0.000000E+00    0.000000E+00   -0.121081E+04    0.000000E+00
    0.000000E+00    0.000000E+00    0.000000E+00    0.000000E+00    0.000000E+00    0.000000E+00
    0.150294E+04    0.114546E+02    0.114546E+02    0.114546E+02    0.900000E+02    0.900000E+02
    0.900000E+02    0.146606E+07    0.980521E+06
      512.000000
        1.000000
   -0.703721E+03    0.000000E+00    0.000000E+00    0.000000E+00    0.000000E+00    0.000000E+00
    0.000000E+00   -0.703721E+03    0.000000E+00    0.000000E+00    0.000000E+00    0.000000E+00
    0.000000E+00    0.000000E+00    0.000000E+00    0.000000E+00    0.000000E+00    0.000000E+00
    0.000000E+00    0.000000E+00    0.000000E+00
     65000
   -0.121540E+04   -0.995498E+03    0.000000E+00    0.000000E+00   -0.121540E+04    0.000000E+00
    0.000000E+00    0.000000E+00    0.000000E+00    0.000000E+00    0.000000E+00    0.000000E+00
    0.149819E+04    0.114425E+02    0.114425E+02    0.114425E+02    0.900000E+02    0.900000E+02
    0.900000E+02    0.147720E+07    0.991016E+06
      512.000000
        1.000000
   -0.703721E+03    0.000000E+00    0.000000E+00    0.000000E+00    0.000000E+00    0.000000E+00
    0.000000E+00   -0.703721E+03    0.000000E+00    0.000000E+00    0.000000E+00    0.000000E+00
    0.000000E+00    0.000000E+00    0.000000E+00    0.000000E+00    0.000000E+00    0.000000E+00
    0.000000E+00    0.000000E+00    0.000000E+00
     66000
   -0.122181E+04   -0.100288E+04    0.000000E+00    0.000000E+00   -0.122181E+04    0.000000E+00
    0.000000E+00    0.000000E+00    0.000000E+00    0.000000E+00    0.000000E+00    0.000000E+00
    0.149162E+04    0.114258E+02    0.114258E+02    0.114258E+02    0.900000E+02    0.900000E+02
    0.900000E+02    0.149283E+07    0.100576E+07
      512.000000
        1.000000
   -0.703721E+03    0.000000E+00    0.000000E+00    0.000000E+00    0.000000E+00    0.000000E+00
    0.000000E+00   -0.703721E+03    0.000000E+00    0.000000E+00    0.000000E+00    0.000000E+00
    0.000000E+00    0.000000E+00    0.000000E+00    0.000000E+00    0.000000E+00    0.000000E+00
    0.000000E+00    0.000000E+00    0.000000E+00
     67000
   -0.122852E+04   -0.101277E+04    0.000000E+00    0.000000E+00   -0.122852E+04    0.000000E+00
    0.000000E+00    0.000000E+00    0.000000E+00    0.000000E+00    0.000000E+00    0.000000E+00
    0.146992E+04    0.113701E+02    0.113701E+02    0.113701E+02    0.900000E+02    0.900000E+02
    0.900000E+02    0.150927E+07    0.102571E+07
      512.000000
        1.000000
   -0.703721E+03    0.000000E+00    0.000000E+00    0.000000E+00    0.000000E+00    0.000000E+00
    0.000000E+00   -0.703721E+03    0.000000E+00    0.000000E+00    0.000000E+00    0.000000E+00
    0.000000E+00    0.000000E+00    0.000000E+00    0.000000E+00    0.000000E+00    0.000000E+00
    0.000000E+00    0.000000E+00    0.000000E+00
     68000
   -0.125177E+04   -0.103786E+04    0.000000E+00    0.000000E+00   -0.125177E+04    0.000000E+00
    0.000000E+00    0.000000E+00    0.000000E+00    0.000000E+00    0.000000E+00    0.000000E+00
    0.145742E+04    0.113378E+02    0.113378E+02    0.113378E+02    0.900000E+02    0.900000E+02
    0.900000E+02    0.156694E+07    0.107715E+07
      512.000000
        1.000000
   -0.703721E+03    0.000000E+00    0.000000E+00    0.000000E+00    0.000000E+00    0.000000E+00
    0.000000E+00   -0.703721E+03    0.000000E+00    0.000000E+00    0.000000E+00    0.000000E+00
    0.000000E+00    0.000000E+00    0.000000E+00    0.000000E+00    0.000000E+00    0.000000E+00
    0.000000E+00    0.000000E+00    0.000000E+00
     69000
   -0.126105E+04   -0.104949E+04    0.000000E+00    0.000000E+00   -0.126105E+04    0.000000E+00
    0.000000E+00    0.000000E+00    0.000000E+00    0.000000E+00    0.000000E+00    0.000000E+00
    0.144135E+04    0.112960E+02    0.112960E+02    0.112960E+02    0.900000E+02    0.900000E+02
    0.900000E+02    0.159024E+07    0.110143E+07
      512.000000
        1.000000
   -0.703721E+03    0.000000E+00    0.000000E+00    0.000000E+00    0.000000E+00    0.000000E+00
    0.000000E+00   -0.703721E+03    0.000000E+00    0.000000E+00    0.000000E+00    0.000000E+00
    0.000000E+00    0.000000E+00    0.000000E+00    0.000000E+00    0.000000E+00    0.000000E+00
    0.000000E+00    0.000000E+00    0.000000E+00
     70000
   -0.128025E+04   -0.106869E+04    0.000000E+00    0.000000E+00   -0.128025E+04    0.000000E+00
    0.000000E+00    0.000000E+00    0.000000E+00    0.000000E+00    0.000000E+00    0.000000E+00
    0.144135E+04    0.112960E+02    0.112960E+02    0.112960E+02    0.900000E+02    0.900000E+02
    0.900000E+02    0.163903E+07    0.114210E+07
      512.000000
        1.000000
   -0.703721E+03    0.000000E+00    0.000000E+00    0.000000E+00    0.000000E+00    0.000000E+00
    0.000000E+00   -0.703721E+03    0.000000E+00    0.000000E+00    0.000000E+00    0.000000E+00
    0.000000E+00    0.000000E+00    0.000000E+00    0.000000E+00    0.000000E+00    0.000000E+00
    0.000000E+00    0.000000E+00    0.000000E+00
     71000
   -0.125565E+04   -0.104409E+04    0.000000E+00    0.000000E+00   -0.125565E+04    0.000000E+00
    0.000000E+00    0.000000E+00    0.000000E+00    0.000000E+00    0.000000E+00    0.000000E+00
    0.144135E+04    0.112960E+02    0.112960E+02    0.112960E+02    0.900000E+02    0.900000E+02
    0.900000E+02    0.157665E+07    0.109012E+07
      512.000000
        1.000000
   -0.703721E+03    0.000000E+00    0.000000E+00    0.000000E+00    0.000000E+00    0.000000E+00
    0.000000E+00   -0.703721E+03    0.000000E+00    0.000000E+00    0.000000E+00    0.000000E+00
    0.000000E+00    0.000000E+00    0.000000E+00    0.000000E+00    0.000000E+00    0.000000E+00
    0.000000E+00    0.000000E+00    0.000000E+00
     72000
   -0.128389E+04   -0.107465E+04    0.000000E+00    0.000000E+00   -0.128389E+04    0.000000E+00
    0.000000E+00    0.000000E+00    0.000000E+00    0.000000E+00    0.000000E+00    0.000000E+00
    0.142557E+04    0.112546E+02    0.112546E+02    0.112546E+02    0.900000E+02    0.900000E+02
    0.900000E+02    0.164837E+07    0.115486E+07
      512.000000
        1.000000
   -0.703721E+03    0.000000E+00    0.000000E+00    0.000000E+00    0.000000E+00    0.000000E+00
    0.000000E+00   -0.703721E+03    0.000000E+00    0.000000E+00    0.000000E+00    0.000000E+00
    0.000000E+00    0.000000E+00    0.000000E+00    0.000000E+00    0.000000E+00    0.000000E+00
    0.000000E+00    0.000000E+00    0.000000E+00
     73000
   -0.128327E+04   -0.107442E+04    0.000000E+00    0.000000E+00   -0.128327E+04    0.000000E+00
    0.000000E+00    0.000000E+00    0.000000E+00    0.000000E+00    0.000000E+00    0.000000E+00
    0.142285E+04    0.112474E+02    0.112474E+02    0.112474E+02    0.900000E+02    0.900000E+02
    0.900000E+02    0.164678E+07    0.115439E+07
      512.000000
        1.000000
   -0.703721E+03    0.000000E+00    0.000000E+00    0.000000E+00    0.000000E+00    0.000000E+00
    0.000000E+00   -0.703721E+03    0.000000E+00    0.000000E+00    0.000000E+00    0.000000E+00
    0.000000E+00    0.000000E+00    0.000000E+00    0.000000E+00    0.000000E+00    0.000000E+00
    0.000000E+00    0.000000E+00    0.000000E+00
     74000
   -0.128554E+04   -0.107801E+04    0.000000E+00    0.000000E+00   -0.128554E+04    0.000000E+00
    0.000000E+00    0.000000E+00    0.000000E+00    0.000000E+00    0.000000E+00    0.000000E+00
    0.141390E+04    0.112238E+02    0.112238E+02    0.112238E+02    0.900000E+02    0.900000E+02
    0.900000E+02    0.165262E+07    0.116212E+07
      512.000000
        1.000000
   -0.703721E+03    0.000000E+00    0.000000E+00    0.000000E+00    0.000000E+00    0.000000E+00
    0.000000E+00   -0.703721E+03    0.000000E+00    0.000000E+00    0.000000E+00    0.000000E+00
    0.000000E+00    0.000000E+00    0.000000E+00    0.000000E+00    0.000000E+00    0.000000E+00
    0.000000E+00    0.000000E+00    0.000000E+00
     75000
   -0.130303E+04   -0.109920E+04    0.000000E+00    0.000000E+00   -0.130303E+04    0.000000E+00
    0.000000E+00    0.000000E+00    0.000000E+00    0.000000E+00    0.000000E+00    0.000000E+00
    0.138872E+04    0.111568E+02    0.111568E+02    0.111568E+02    0.900000E+02    0.900000E+02
    0.900000E+02    0.169789E+07    0.120824E+07
      512.000000
        1.000000
   -0.703721E+03    0.000000E+00    0.000000E+00    0.000000E+00    0.000000E+00    0.000000E+00
    0.000000E+00   -0.703721E+03    0.000000E+00    0.000000E+00    0.000000E+00    0.000000E+00
    0.000000E+00    0.000000E+00    0.000000E+00    0.000000E+00    0.000000E+00    0.000000E+00
    0.000000E+00    0.000000E+00    0.000000E+00
     76000
   -0.130458E+04   -0.110414E+04    0.000000E+00    0.000000E+00   -0.130458E+04    0.000000E+00
    0.000000E+00    0.000000E+00    0.000000E+00    0.000000E+00    0.000000E+00    0.000000E+00
    0.136556E+04    0.110944E+02    0.110944E+02    0.110944E+02    0.900000E+02    0.900000E+02
    0.900000E+02    0.170192E+07    0.121913E+07
      512.000000
        1.000000
   -0.703721E+03    0.000000E+00    0.000000E+00    0.000000E+00    0.000000E+00    0.000000E+00
    0.000000E+00   -0.703721E+03    0.000000E+00    0.000000E+00    0.000000E+00    0.000000E+00
    0.000000E+00    0.000000E+00    0.000000E+00    0.000000E+00    0.000000E+00    0.000000E+00
    0.000000E+00    0.000000E+00    0.000000E+00
     77000
   -0.131772E+04   -0.111728E+04    0.000000E+00    0.000000E+00   -0.131772E+04    0.000000E+00
    0.000000E+00    0.000000E+00    0.000000E+00    0.000000E+00    0.000000E+00    0.000000E+00
    0.136556E+04    0.110944E+02    0.110944E+02    0.110944E+02    0.900000E+02    0.900000E+02
    0.900000E+02    0.173638E+07    0.124833E+07
      512.000000
        1.000000
   -0.703721E+03    0.000000E+00    0.000000E+00    0.000000E+00    0.000000E+00    0.000000E+00
    0.000000E+00   -0.703721E+03    0.000000E+00    0.000000E+00    0.000000E+00    0.000000E+00
    0.000000E+00    0.000000E+00    0.000000E+00    0.000000E+00    0.000000E+00    0.000000E+00
    0.000000E+00    0.000000E+00    0.000000E+00
     78000
   -0.133076E+04   -0.113344E+04    0.000000E+00    0.000000E+00   -0.133076E+04    0.000000E+00
    0.000000E+00    0.000000E+00    0.000000E+00    0.000000E+00    0.000000E+00    0.000000E+00
    0.134435E+04    0.110366E+02    0.110366E+02    0.110366E+02    0.900000E+02    0.900000E+02
    0.900000E+02    0.177092E+07    0.128469E+07
      512.000000
        1.000000
   -0.703721E+03    0.000000E+00    0.000000E+00    0.000000E+00    0.000000E+00    0.000000E+00
    0.000000E+00   -0.703721E+03    0.000000E+00    0.000000E+00    0.000000E+00    0.000000E+00
    0.000000E+00    0.000000E+00    0.000000E+00    0.000000E+00    0.000000E+00    0.000000E+00
    0.000000E+00    0.000000E+00    0.000000E+00
     79000
   -0.134991E+04   -0.115267E+04    0.000000E+00    0.000000E+00   -0.134991E+04    0.000000E+00
    0.000000E+00    0.000000E+00    0.000000E+00    0.000000E+00    0.000000E+00    0.000000E+00
    0.134379E+04    0.110351E+02    0.110351E+02    0.110351E+02    0.900000E+02    0.900000E+02
    0.900000E+02    0.182225E+07    0.132865E+07
      512.000000
        1.000000
   -0.703721E+03    0.000000E+00    0.000000E+00    0.000000E+00    0.000000E+00    0.000000E+00
    0.000000E+00   -0.703721E+03    0.000000E+00    0.000000E+00    0.000000E+00    0.000000E+00
    0.000000E+00    0.000000E+00    0.000000E+00    0.000000E+00    0.000000E+00    0.000000E+00
    0.000000E+00    0.000000E+00    0.000000E+00
     80000
   -0.135468E+04   -0.116065E+04    0.000000E+00    0.000000E+00   -0.135468E+04    0.000000E+00
    0.000000E+00    0.000000E+00    0.000000E+00    0.000000E+00    0.000000E+00    0.000000E+00
    0.132195E+04    0.109750E+02    0.109750E+02    0.109750E+02    0.900000E+02    0.900000E+02
    0.900000E+02    0.183516E+07    0.134710E+07
      512.000000
        1.000000
   -0.703721E+03    0.000000E+00    0.000000E+00    0.000000E+00    0.000000E+00    0.000000E+00
    0.000000E+00   -0.703721E+03    0.000000E+00    0.000000E+00    0.000000E+00    0.000000E+00
    0.000000E+00    0.000000E+00    0.000000E+00    0.000000E+00    0.000000E+00    0.000000E+00
    0.000000E+00    0.000000E+00    0.000000E+00
     81000
   -0.135301E+04   -0.115973E+04    0.000000E+00    0.000000E+00   -0.135301E+04    0.000000E+00
    0.000000E+00    0.000000E+00    0.000000E+00    0.000000E+00    0.000000E+00    0.000000E+00
    0.131680E+04    0.109607E+02    0.109607E+02    0.109607E+02    0.900000E+02    0.900000E+02
    0.900000E+02    0.183063E+07    0.134498E+07
      512.000000
        1.000000
   -0.703721E+03    0.000000E+00    0.000000E+00    0.000000E+00    0.000000E+00    0.000000E+00
    0.000000E+00   -0.703721E+03    0.000000E+00    0.000000E+00    0.000000E+00    0.000000E+00
    0.000000E+00    0.000000E+00    0.000000E+00    0.000000E+00    0.000000E+00    0.000000E+00
    0.000000E+00    0.000000E+00    0.000000E+00
     82000
   -0.136996E+04   -0.118099E+04    0.000000E+00    0.000000E+00   -0.136996E+04    0.000000E+00
    0.000000E+00    0.000000E+00    0.000000E+00    0.000000E+00    0.000000E+00    0.000000E+00
    0.128744E+04    0.108787E+02    0.108787E+02    0.108787E+02    0.900000E+02    0.900000E+02
    0.900000E+02    0.187679E+07    0.139474E+07
      512.000000
        1.000000
   -0.703721E+03    0.000000E+00    0.000000E+00    0.000000E+00    0.000000E+00    0.000000E+00
    0.000000E+00   -0.703721E+03    0.000000E+00    0.000000E+00    0.000000E+00    0.000000E+00
    0.000000E+00    0.000000E+00    0.000000E+00    0.000000E+00    0.000000E+00    0.000000E+00
    0.000000E+00    0.000000E+00    0.000000E+00
     83000
   -0.140477E+04   -0.121911E+04    0.000000E+00    0.000000E+00   -0.140477E+04    0.000000E+00
    0.000000E+00    0.000000E+00    0.000000E+00    0.000000E+00    0.000000E+00    0.000000E+00
    0.126491E+04    0.108148E+02    0.108148E+02    0.108148E+02    0.900000E+02    0.900000E+02
    0.900000E+02    0.197338E+07    0.148623E+07
      512.000000
        1.000000
   -0.703721E+03    0.000000E+00    0.000000E+00    0.000000E+00    0.000000E+00    0.000000E+00
    0.000000E+00   -0.703721E+03    0.000000E+00    0.000000E+00    0.000000E+00    0.000000E+00
    0.000000E+00    0.000000E+00    0.000000E+00    0.000000E+00    0.000000E+00    0.000000E+00
    0.000000E+00    0.000000E+00    0.000000E+00
     84000
   -0.141586E+04   -0.123019E+04    0.000000E+00    0.000000E+00   -0.141586E+04    0.000000E+00
    0.000000E+00    0.000000E+00    0.000000E+00    0.000000E+00    0.000000E+00    0.000000E+00
    0.126491E+04    0.108148E+02    0.108148E+02    0.108148E+02    0.900000E+02    0.900000E+02
    0.900000E+02    0.200465E+07    0.151338E+07
      512.000000
        1.000000
   -0.703721E+03    0.000000E+00    0.000000E+00    0.000000E+00    0.000000E+00    0.000000E+00
    0.000000E+00   -0.703721E+03    0.000000E+00    0.000000E+00    0.000000E+00    0.000000E+00
    0.000000E+00    0.000000E+00    0.000000E+00    0.000000E+00    0.000000E+00    0.000000E+00
    0.000000E+00    0.000000E+00    0.000000E+00
     85000
   -0.143924E+04   -0.125813E+04    0.000000E+00    0.000000E+00   -0.143924E+04    0.000000E+00
    0.000000E+00    0.000000E+00    0.000000E+00    0.000000E+00    0.000000E+00    0.000000E+00
    0.123390E+04    0.107257E+02    0.107257E+02    0.107257E+02    0.900000E+02    0.900000E+02
    0.900000E+02    0.207141E+07    0.158290E+07
      512.000000
        1.000000
   -0.703721E+03    0.000000E+00    0.000000E+00    0.000000E+00    0.000000E+00    0.000000E+00
    0.000000E+00   -0.703721E+03    0.000000E+00    0.000000E+00    0.000000E+00    0.000000E+00
    0.000000E+00    0.000000E+00    0.000000E+00    0.000000E+00    0.000000E+00    0.000000E+00
    0.000000E+00    0.000000E+00    0.000000E+00
     86000
   -0.143923E+04   -0.125934E+04    0.000000E+00    0.000000E+00   -0.143923E+04    0.000000E+00
    0.000000E+00    0.000000E+00    0.000000E+00    0.000000E+00    0.000000E+00    0.000000E+00
    0.122560E+04    0.107016E+02    0.107016E+02    0.107016E+02    0.900000E+02    0.900000E+02
    0.900000E+02    0.207138E+07    0.158594E+07
      512.000000
        1.000000
   -0.703721E+03    0.000000E+00    0.000000E+00    0.000000E+00    0.000000E+00    0.000000E+00
    0.000000E+00   -0.703721E+03    0.000000E+00    0.000000E+00    0.000000E+00    0.000000E+00
    0.000000E+00    0.000000E+00    0.000000E+00    0.000000E+00    0.000000E+00    0.000000E+00
    0.000000E+00    0.000000E+00    0.000000E+00
     87000
   -0.145841E+04   -0.127846E+04    0.000000E+00    0.000000E+00   -0.145841E+04    0.000000E+00
    0.000000E+00    0.000000E+00    0.000000E+00    0.000000E+00    0.000000E+00    0.000000E+00
    0.122598E+04    0.107027E+02    0.107027E+02    0.107027E+02    0.900000E+02    0.900000E+02
    0.900000E+02    0.212695E+07    0.163446E+07
      512.000000
        1.000000
   -0.703721E+03    0.000000E+00    0.000000E+00    0.000000E+00    0.000000E+00    0.000000E+00
    0.000000E+00   -0.703721E+03    0.000000E+00    0.000000E+00    0.000000E+00    0.000000E+00
    0.000000E+00    0.000000E+00    0.000000E+00    0.000000E+00    0.000000E+00    0.000000E+00
    0.000000E+00    0.000000E+00    0.000000E+00
     88000
   -0.146335E+04   -0.128341E+04    0.000000E+00    0.000000E+00   -0.146335E+04    0.000000E+00
    0.000000E+00    0.000000E+00    0.000000E+00    0.000000E+00    0.000000E+00    0.000000E+00
    0.122598E+04    0.107027E+02    0.107027E+02    0.107027E+02    0.900000E+02    0.900000E+02
    0.900000E+02    0.214141E+07    0.164714E+07
      512.000000
        1.000000
   -0.703721E+03    0.000000E+00    0.000000E+00    0.000000E+00    0.000000E+00    0.000000E+00
    0.000000E+00   -0.703721E+03    0.000000E+00    0.000000E+00    0.000000E+00    0.000000E+00
    0.000000E+00    0.000000E+00    0.000000E+00    0.000000E+00    0.000000E+00    0.000000E+00
    0.000000E+00    0.000000E+00    0.000000E+00
     89000
   -0.146575E+04   -0.129082E+04    0.000000E+00    0.000000E+00   -0.146575E+04    0.000000E+00
    0.000000E+00    0.000000E+00    0.000000E+00    0.000000E+00    0.000000E+00    0.000000E+00
    0.119176E+04    0.106022E+02    0.106022E+02    0.106022E+02    0.900000E+02    0.900000E+02
    0.900000E+02    0.214841E+07    0.166622E+07
      512.000000
        1.000000
   -0.703721E+03    0.000000E+00    0.000000E+00    0.000000E+00    0.000000E+00    0.000000E+00
    0.000000E+00   -0.703721E+03    0.000000E+00    0.000000E+00    0.000000E+00    0.000000E+00
    0.000000E+00    0.000000E+00    0.000000E+00    0.000000E+00    0.000000E+00    0.000000E+00
    0.000000E+00    0.000000E+00    0.000000E+00
     90000
   -0.144536E+04   -0.126921E+04    0.000000E+00    0.000000E+00   -0.144536E+04    0.000000E+00
    0.000000E+00    0.000000E+00    0.000000E+00    0.000000E+00    0.000000E+00    0.000000E+00
    0.120008E+04    0.106268E+02    0.106268E+02    0.106268E+02    0.900000E+02    0.900000E+02
    0.900000E+02    0.208905E+07    0.161089E+07
      512.000000
        1.000000
   -0.703721E+03    0.000000E+00    0.000000E+00    0.000000E+00    0.000000E+00    0.000000E+00
    0.000000E+00   -0.703721E+03    0.000000E+00    0.000000E+00    0.000000E+00    0.000000E+00
    0.000000E+00    0.000000E+00    0.000000E+00    0.000000E+00    0.000000E+00    0.000000E+00
    0.000000E+00    0.000000E+00    0.000000E+00
     91000
   -0.145670E+04   -0.128053E+04    0.000000E+00    0.000000E+00   -0.145670E+04    0.000000E+00
    0.000000E+00    0.000000E+00    0.000000E+00    0.000000E+00    0.000000E+00    0.000000E+00
    0.120023E+04    0.106273E+02    0.106273E+02    0.106273E+02    0.900000E+02    0.900000E+02
    0.900000E+02    0.212197E+07    0.163976E+07
      512.000000
        1.000000
   -0.703721E+03    0.000000E+00    0.000000E+00    0.000000E+00    0.000000E+00    0.000000E+00
    0.000000E+00   -0.703721E+03    0.000000E+00    0.000000E+00    0.000000E+00    0.000000E+00
    0.000000E+00    0.000000E+00    0.000000E+00    0.000000E+00    0.000000E+00    0.000000E+00
    0.000000E+00    0.000000E+00    0.000000E+00
     92000
   -0.148312E+04   -0.131131E+04    0.000000E+00    0.000000E+00   -0.148312E+04    0.000000E+00
    0.000000E+00    0.000000E+00    0.000000E+00    0.000000E+00    0.000000E+00    0.000000E+00
    0.117053E+04    0.105389E+02    0.105389E+02    0.105389E+02    0.900000E+02    0.900000E+02
    0.900000E+02    0.219964E+07    0.171953E+07
      512.000000
        1.000000
   -0.703721E+03    0.000000E+00    0.000000E+00    0.000000E+00    0.000000E+00    0.000000E+00
    0.000000E+00   -0.703721E+03    0.000000E+00    0.000000E+00    0.000000E+00    0.000000E+00
    0.000000E+00    0.000000E+00    0.000000E+00    0.000000E+00    0.000000E+00    0.000000E+00
    0.000000E+00    0.000000E+00    0.000000E+00
     93000
   -0.152430E+04   -0.135364E+04    0.000000E+00    0.000000E+00   -0.152430E+04    0.000000E+00
    0.000000E+00    0.000000E+00    0.000000E+00    0.000000E+00    0.000000E+00    0.000000E+00
    0.116266E+04    0.105152E+02    0.105152E+02    0.105152E+02    0.900000E+02    0.900000E+02
    0.900000E+02    0.232348E+07    0.183235E+07
      512.000000
        1.000000
   -0.703721E+03    0.000000E+00    0.000000E+00    0.000000E+00    0.000000E+00    0.000000E+00
    0.000000E+00   -0.703721E+03    0.000000E+00    0.000000E+00    0.000000E+00    0.000000E+00
    0.000000E+00    0.000000E+00    0.000000E+00    0.000000E+00    0.000000E+00    0.000000E+00
    0.000000E+00    0.000000E+00    0.000000E+00
     94000
   -0.150625E+04   -0.133560E+04    0.000000E+00    0.000000E+00   -0.150625E+04    0.000000E+00
    0.000000E+00    0.000000E+00    0.000000E+00    0.000000E+00    0.000000E+00    0.000000E+00
    0.116266E+04    0.105152E+02    0.105152E+02    0.105152E+02    0.900000E+02    0.900000E+02
    0.900000E+02    0.226880E+07    0.178383E+07
      512.000000
        1.000000
   -0.703721E+03    0.000000E+00    0.000000E+00    0.000000E+00    0.000000E+00    0.000000E+00
    0.000000E+00   -0.703721E+03    0.000000E+00    0.000000E+00    0.000000E+00    0.000000E+00
    0.000000E+00    0.000000E+00    0.000000E+00    0.000000E+00    0.000000E+00    0.000000E+00
    0.000000E+00    0.000000E+00    0.000000E+00
     95000
   -0.151393E+04   -0.134238E+04    0.000000E+00    0.000000E+00   -0.151393E+04    0.000000E+00
    0.000000E+00    0.000000E+00    0.000000E+00    0.000000E+00    0.000000E+00    0.000000E+00
    0.116874E+04    0.105335E+02    0.105335E+02    0.105335E+02    0.900000E+02    0.900000E+02
    0.900000E+02    0.229198E+07    0.180199E+07
      512.000000
        1.000000
   -0.703721E+03    0.000000E+00    0.000000E+00    0.000000E+00    0.000000E+00    0.000000E+00
    0.000000E+00   -0.703721E+03    0.000000E+00    0.000000E+00    0.000000E+00    0.000000E+00
    0.000000E+00    0.000000E+00    0.000000E+00    0.000000E+00    0.000000E+00    0.000000E+00
    0.000000E+00    0.000000E+00    0.000000E+00
     96000
   -0.154854E+04   -0.138202E+04    0.000000E+00    0.000000E+00   -0.154854E+04    0.000000E+00
    0.000000E+00    0.000000E+00    0.000000E+00    0.000000E+00    0.000000E+00    0.000000E+00
    0.113452E+04    0.104297E+02    0.104297E+02    0.104297E+02    0.900000E+02    0.900000E+02
    0.900000E+02    0.239797E+07    0.190997E+07
      512.000000
        1.000000
   -0.703721E+03    0.000000E+00    0.000000E+00    0.000000E+00    0.000000E+00    0.000000E+00
    0.000000E+00   -0.703721E+03    0.000000E+00    0.000000E+00    0.000000E+00    0.000000E+00
    0.000000E+00    0.000000E+00    0.000000E+00    0.000000E+00    0.000000E+00    0.000000E+00
    0.000000E+00    0.000000E+00    0.000000E+00
     97000
   -0.154245E+04   -0.137355E+04    0.000000E+00    0.000000E+00   -0.154245E+04    0.000000E+00
    0.000000E+00    0.000000E+00    0.000000E+00    0.000000E+00    0.000000E+00    0.000000E+00
    0.115068E+04    0.104790E+02    0.104790E+02    0.104790E+02    0.900000E+02    0.900000E+02
    0.900000E+02    0.237914E+07    0.188664E+07
      512.000000
        1.000000
   -0.703721E+03    0.000000E+00    0.000000E+00    0.000000E+00    0.000000E+00    0.000000E+00
    0.000000E+00   -0.703721E+03    0.000000E+00    0.000000E+00    0.000000E+00    0.000000E+00
    0.000000E+00    0.000000E+00    0.000000E+00    0.000000E+00    0.000000E+00    0.000000E+00
    0.000000E+00    0.000000E+00    0.000000E+00
     98000
   -0.156004E+04   -0.138961E+04    0.000000E+00    0.000000E+00   -0.156004E+04    0.000000E+00
    0.000000E+00    0.000000E+00    0.000000E+00    0.000000E+00    0.000000E+00    0.000000E+00
    0.116108E+04    0.105104E+02    0.105104E+02    0.105104E+02    0.900000E+02    0.900000E+02
    0.900000E+02    0.243371E+07    0.193103E+07
      512.000000
        1.000000
   -0.703721E+03    0.000000E+00    0.000000E+00    0.000000E+00    0.000000E+00    0.000000E+00
    0.000000E+00   -0.703721E+03    0.000000E+00    0.000000E+00    0.000000E+00    0.000000E+00
    0.000000E+00    0.000000E+00    0.000000E+00    0.000000E+00    0.000000E+00    0.000000E+00
    0.000000E+00    0.000000E+00    0.000000E+00
     99000
   -0.156312E+04   -0.139623E+04    0.000000E+00    0.000000E+00   -0.156312E+04    0.000000E+00
    0.000000E+00    0.000000E+00    0.000000E+00    0.000000E+00    0.000000E+00    0.000000E+00
    0.113702E+04    0.104373E+02    0.104373E+02    0.104373E+02    0.900000E+02    0.900000E+02
    0.900000E+02    0.244335E+07    0.194947E+07
      512.000000
        1.000000
   -0.703721E+03    0.000000E+00    0.000000E+00    0.000000E+00    0.000000E+00    0.000000E+00
    0.000000E+00   -0.703721E+03    0.000000E+00    0.000000E+00    0.000000E+00    0.000000E+00
    0.000000E+00    0.000000E+00    0.000000E+00    0.000000E+00    0.000000E+00    0.000000E+00
    0.000000E+00    0.000000E+00    0.000000E+00
    100000
   -0.156112E+04   -0.139401E+04    0.000000E+00    0.000000E+00   -0.156112E+04    0.000000E+00
    0.000000E+00    0.000000E+00    0.000000E+00    0.000000E+00    0.000000E+00    0.000000E+00
    0.113851E+04    0.104419E+02    0.104419E+02    0.104419E+02    0.900000E+02    0.900000E+02
    0.900000E+02    0.243708E+07    0.194326E+07
      512.000000
        1.000000
   -0.703721E+03    0.000000E+00    0.000000E+00    0.000000E+00    0.000000E+00    0.000000E+00
    0.000000E+00   -0.703721E+03    0.000000E+00    0.000000E+00    0.000000E+00    0.000000E+00
    0.000000E+00    0.000000E+00    0.000000E+00    0.000000E+00    0.000000E+00    0.000000E+00
    0.000000E+00    0.000000E+00    0.000000E+00
    101000
   -0.156521E+04   -0.139811E+04    0.000000E+00    0.000000E+00   -0.156521E+04    0.000000E+00
    0.000000E+00    0.000000E+00    0.000000E+00    0.000000E+00    0.000000E+00    0.000000E+00
    0.113851E+04    0.104419E+02    0.104419E+02    0.104419E+02    0.900000E+02    0.900000E+02
    0.900000E+02    0.244989E+07    0.195470E+07
      512.000000
        1.000000
   -0.703721E+03    0.000000E+00    0.000000E+00    0.000000E+00    0.000000E+00    0.000000E+00
    0.000000E+00   -0.703721E+03    0.000000E+00    0.000000E+00    0.000000E+00    0.000000E+00
    0.000000E+00    0.000000E+00    0.000000E+00    0.000000E+00    0.000000E+00    0.000000E+00
    0.000000E+00    0.000000E+00    0.000000E+00
    102000
   -0.157909E+04   -0.141198E+04    0.000000E+00    0.000000E+00   -0.157909E+04    0.000000E+00
    0.000000E+00    0.000000E+00    0.000000E+00    0.000000E+00    0.000000E+00    0.000000E+00
    0.113851E+04    0.104419E+02    0.104419E+02    0.104419E+02    0.900000E+02    0.900000E+02
    0.900000E+02    0.249352E+07    0.199369E+07
      512.000000
        1.000000
   -0.703721E+03    0.000000E+00    0.000000E+00    0.000000E+00    0.000000E+00    0.000000E+00
    0.000000E+00   -0.703721E+03    0.000000E+00    0.000000E+00    0.000000E+00    0.000000E+00
    0.000000E+00    0.000000E+00    0.000000E+00    0.000000E+00    0.000000E+00    0.000000E+00
    0.000000E+00    0.000000E+00    0.000000E+00
    103000
   -0.161815E+04   -0.145612E+04    0.000000E+00    0.000000E+00   -0.161815E+04    0.000000E+00
    0.000000E+00    0.000000E+00    0.000000E+00    0.000000E+00    0.000000E+00    0.000000E+00
    0.110387E+04    0.103349E+02    0.103349E+02    0.103349E+02    0.900000E+02    0.900000E+02
    0.900000E+02    0.261840E+07    0.212029E+07
      512.000000
        1.000000
   -0.703721E+03    0.000000E+00    0.000000E+00    0.000000E+00    0.000000E+00    0.000000E+00
    0.000000E+00   -0.703721E+03    0.000000E+00    0.000000E+00    0.000000E+00    0.000000E+00
    0.000000E+00    0.000000E+00    0.000000E+00    0.000000E+00    0.000000E+00    0.000000E+00
    0.000000E+00    0.000000E+00    0.000000E+00
    104000
   -0.165072E+04   -0.149231E+04    0.000000E+00    0.000000E+00   -0.165072E+04    0.000000E+00
    0.000000E+00    0.000000E+00    0.000000E+00    0.000000E+00    0.000000E+00    0.000000E+00
    0.107926E+04    0.102575E+02    0.102575E+02    0.102575E+02    0.900000E+02    0.900000E+02
    0.900000E+02    0.272488E+07    0.222699E+07
      512.000000
        1.000000
   -0.703721E+03    0.000000E+00    0.000000E+00    0.000000E+00    0.000000E+00    0.000000E+00
    0.000000E+00   -0.703721E+03    0.000000E+00    0.000000E+00    0.000000E+00    0.000000E+00
    0.000000E+00    0.000000E+00    0.000000E+00    0.000000E+00    0.000000E+00    0.000000E+00
    0.000000E+00    0.000000E+00    0.000000E+00
    105000
   -0.166604E+04   -0.150653E+04    0.000000E+00    0.000000E+00   -0.166604E+04    0.000000E+00
    0.000000E+00    0.000000E+00    0.000000E+00    0.000000E+00    0.000000E+00    0.000000E+00
    0.108674E+04    0.102812E+02    0.102812E+02    0.102812E+02    0.900000E+02    0.900000E+02
    0.900000E+02    0.277569E+07    0.226964E+07
      512.000000
        1.000000
   -0.703721E+03    0.000000E+00    0.000000E+00    0.000000E+00    0.000000E+00    0.000000E+00
    0.000000E+00   -0.703721E+03    0.000000E+00    0.000000E+00    0.000000E+00    0.000000E+00
    0.000000E+00    0.000000E+00    0.000000E+00    0.000000E+00    0.000000E+00    0.000000E+00
    0.000000E+00    0.000000E+00    0.000000E+00
    106000
   -0.166773E+04   -0.150822E+04    0.000000E+00    0.000000E+00   -0.166773E+04    0.000000E+00
    0.000000E+00    0.000000E+00    0.000000E+00    0.000000E+00    0.000000E+00    0.000000E+00
    0.108674E+04    0.102812E+02    0.102812E+02    0.102812E+02    0.900000E+02    0.900000E+02
    0.900000E+02    0.278133E+07    0.227474E+07
      512.000000
        1.000000
   -0.703721E+03    0.000000E+00    0.000000E+00    0.000000E+00    0.000000E+00    0.000000E+00
    0.000000E+00   -0.703721E+03    0.000000E+00    0.000000E+00    0.000000E+00    0.000000E+00
    0.000000E+00    0.000000E+00    0.000000E+00    0.000000E+00    0.000000E+00    0.000000E+00
    0.000000E+00    0.000000E+00    0.000000E+00
    107000
   -0.166055E+04   -0.150271E+04    0.000000E+00    0.000000E+00   -0.166055E+04    0.000000E+00
    0.000000E+00    0.000000E+00    0.000000E+00    0.000000E+00    0.000000E+00    0.000000E+00
    0.107537E+04    0.102452E+02    0.102452E+02    0.102452E+02    0.900000E+02    0.900000E+02
    0.900000E+02    0.275743E+07    0.225814E+07
      512.000000
        1.000000
   -0.703721E+03    0.000000E+00    0.000000E+00    0.000000E+00    0.000000E+00    0.000000E+00
    0.000000E+00   -0.703721E+03    0.000000E+00    0.000000E+00    0.000000E+00    0.000000E+00
    0.000000E+00    0.000000E+00    0.000000E+00    0.000000E+00    0.000000E+00    0.000000E+00
    0.000000E+00    0.000000E+00    0.000000E+00
    108000
   -0.165275E+04   -0.149514E+04    0.000000E+00    0.000000E+00   -0.165275E+04    0.000000E+00
    0.000000E+00    0.000000E+00    0.000000E+00    0.000000E+00    0.000000E+00    0.000000E+00
    0.107385E+04    0.102403E+02    0.102403E+02    0.102403E+02    0.900000E+02    0.900000E+02
    0.900000E+02    0.273159E+07    0.223543E+07
      512.000000
        1.000000
   -0.703721E+03    0.000000E+00    0.000000E+00    0.000000E+00    0.000000E+00    0.000000E+00
    0.000000E+00   -0.703721E+03    0.000000E+00    0.000000E+00    0.000000E+00    0.000000E+00
    0.000000E+00    0.000000E+00    0.000000E+00    0.000000E+00    0.000000E+00    0.000000E+00
    0.000000E+00    0.000000E+00    0.000000E+00
    109000
   -0.165049E+04   -0.149288E+04    0.000000E+00    0.000000E+00   -0.165049E+04    0.000000E+00
    0.000000E+00    0.000000E+00    0.000000E+00    0.000000E+00    0.000000E+00    0.000000E+00
    0.107385E+04    0.102403E+02    0.102403E+02    0.102403E+02    0.900000E+02    0.900000E+02
    0.900000E+02    0.272413E+07    0.222868E+07
      512.000000
        1.000000
   -0.703721E+03    0.000000E+00    0.000000E+00    0.000000E+00    0.000000E+00    0.000000E+00
    0.000000E+00   -0.703721E+03    0.000000E+00    0.000000E+00    0.000000E+00    0.000000E+00
    0.000000E+00    0.000000E+00    0.000000E+00    0.000000E+00    0.000000E+00    0.000000E+00
    0.000000E+00    0.000000E+00    0.000000E+00
    110000
   -0.166604E+04   -0.151029E+04    0.000000E+00    0.000000E+00   -0.166604E+04    0.000000E+00
    0.000000E+00    0.000000E+00    0.000000E+00    0.000000E+00    0.000000E+00    0.000000E+00
    0.106112E+04    0.101997E+02    0.101997E+02    0.101997E+02    0.900000E+02    0.900000E+02
    0.900000E+02    0.277569E+07    0.228098E+07
      512.000000
        1.000000
   -0.703721E+03    0.000000E+00    0.000000E+00    0.000000E+00    0.000000E+00    0.000000E+00
    0.000000E+00   -0.703721E+03    0.000000E+00    0.000000E+00    0.000000E+00    0.000000E+00
    0.000000E+00    0.000000E+00    0.000000E+00    0.000000E+00    0.000000E+00    0.000000E+00
    0.000000E+00    0.000000E+00    0.000000E+00
