# Exercise 1: LJ fluid in NVT ensemble                                            
# Radial Distribution Functions in cell    1 at MC step     110001
# Grid:        500            5.0000000000            0.0100000000
#
# Number density for element  LJ       (   1) :   0.3565675E+00 =       512.00000 /   0.1435913E+04

# RDF No.   1 for elements:    1   1
   0.5000000E-02   0.0000000E+00   0.0000000E+00
   0.1500000E-01   0.0000000E+00   0.0000000E+00
   0.2500000E-01   0.0000000E+00   0.0000000E+00
   0.3500000E-01   0.0000000E+00   0.0000000E+00
   0.4500000E-01   0.0000000E+00   0.0000000E+00
   0.5500000E-01   0.0000000E+00   0.0000000E+00
   0.6500000E-01   0.0000000E+00   0.0000000E+00
   0.7500000E-01   0.0000000E+00   0.0000000E+00
   0.8500000E-01   0.0000000E+00   0.0000000E+00
   0.9500000E-01   0.0000000E+00   0.0000000E+00
   0.1050000E+00   0.0000000E+00   0.0000000E+00
   0.1150000E+00   0.0000000E+00   0.0000000E+00
   0.1250000E+00   0.0000000E+00   0.0000000E+00
   0.1350000E+00   0.0000000E+00   0.0000000E+00
   0.1450000E+00   0.0000000E+00   0.0000000E+00
   0.1550000E+00   0.0000000E+00   0.0000000E+00
   0.1650000E+00   0.0000000E+00   0.0000000E+00
   0.1750000E+00   0.0000000E+00   0.0000000E+00
   0.1850000E+00   0.0000000E+00   0.0000000E+00
   0.1950000E+00   0.0000000E+00   0.0000000E+00
   0.2050000E+00   0.0000000E+00   0.0000000E+00
   0.2150000E+00   0.0000000E+00   0.0000000E+00
   0.2250000E+00   0.0000000E+00   0.0000000E+00
   0.2350000E+00   0.0000000E+00   0.0000000E+00
   0.2450000E+00   0.0000000E+00   0.0000000E+00
   0.2550000E+00   0.0000000E+00   0.0000000E+00
   0.2650000E+00   0.0000000E+00   0.0000000E+00
   0.2750000E+00   0.0000000E+00   0.0000000E+00
   0.2850000E+00   0.0000000E+00   0.0000000E+00
   0.2950000E+00   0.0000000E+00   0.0000000E+00
   0.3050000E+00   0.0000000E+00   0.0000000E+00
   0.3150000E+00   0.0000000E+00   0.0000000E+00
   0.3250000E+00   0.0000000E+00   0.0000000E+00
   0.3350000E+00   0.0000000E+00   0.0000000E+00
   0.3450000E+00   0.0000000E+00   0.0000000E+00
   0.3550000E+00   0.0000000E+00   0.0000000E+00
   0.3650000E+00   0.0000000E+00   0.0000000E+00
   0.3750000E+00   0.0000000E+00   0.0000000E+00
   0.3850000E+00   0.0000000E+00   0.0000000E+00
   0.3950000E+00   0.0000000E+00   0.0000000E+00
   0.4050000E+00   0.0000000E+00   0.0000000E+00
   0.4150000E+00   0.0000000E+00   0.0000000E+00
   0.4250000E+00   0.0000000E+00   0.0000000E+00
   0.4350000E+00   0.0000000E+00   0.0000000E+00
   0.4450000E+00   0.0000000E+00   0.0000000E+00
   0.4550000E+00   0.0000000E+00   0.0000000E+00
   0.4650000E+00   0.0000000E+00   0.0000000E+00
   0.4750000E+00   0.0000000E+00   0.0000000E+00
   0.4850000E+00   0.0000000E+00   0.0000000E+00
   0.4950000E+00   0.0000000E+00   0.0000000E+00
   0.5050000E+00   0.0000000E+00   0.0000000E+00
   0.5150000E+00   0.0000000E+00   0.0000000E+00
   0.5250000E+00   0.0000000E+00   0.0000000E+00
   0.5350000E+00   0.0000000E+00   0.0000000E+00
   0.5450000E+00   0.0000000E+00   0.0000000E+00
   0.5550000E+00   0.0000000E+00   0.0000000E+00
   0.5650000E+00   0.0000000E+00   0.0000000E+00
   0.5750000E+00   0.0000000E+00   0.0000000E+00
   0.5850000E+00   0.0000000E+00   0.0000000E+00
   0.5950000E+00   0.0000000E+00   0.0000000E+00
   0.6050000E+00   0.0000000E+00   0.0000000E+00
   0.6150000E+00   0.0000000E+00   0.0000000E+00
   0.6250000E+00   0.0000000E+00   0.0000000E+00
   0.6350000E+00   0.0000000E+00   0.0000000E+00
   0.6450000E+00   0.0000000E+00   0.0000000E+00
   0.6550000E+00   0.0000000E+00   0.0000000E+00
   0.6650000E+00   0.0000000E+00   0.0000000E+00
   0.6750000E+00   0.0000000E+00   0.0000000E+00
   0.6850000E+00   0.0000000E+00   0.0000000E+00
   0.6950000E+00   0.0000000E+00   0.0000000E+00
   0.7050000E+00   0.0000000E+00   0.0000000E+00
   0.7150000E+00   0.0000000E+00   0.0000000E+00
   0.7250000E+00   0.0000000E+00   0.0000000E+00
   0.7350000E+00   0.0000000E+00   0.0000000E+00
   0.7450000E+00   0.0000000E+00   0.0000000E+00
   0.7550000E+00   0.0000000E+00   0.0000000E+00
   0.7650000E+00   0.0000000E+00   0.0000000E+00
   0.7750000E+00   0.0000000E+00   0.0000000E+00
   0.7850000E+00   0.0000000E+00   0.0000000E+00
   0.7950000E+00   0.0000000E+00   0.0000000E+00
   0.8050000E+00   0.0000000E+00   0.0000000E+00
   0.8150000E+00   0.0000000E+00   0.0000000E+00
   0.8250000E+00   0.0000000E+00   0.0000000E+00
   0.8350000E+00   0.0000000E+00   0.0000000E+00
   0.8450000E+00   0.0000000E+00   0.0000000E+00
   0.8550000E+00   0.0000000E+00   0.0000000E+00
   0.8650000E+00   0.0000000E+00   0.0000000E+00
   0.8750000E+00   0.0000000E+00   0.0000000E+00
   0.8850000E+00   0.0000000E+00   0.0000000E+00
   0.8950000E+00   0.2159313E-02   0.7750286E-04
   0.9050000E+00   0.2111857E-02   0.1550057E-03
   0.9150000E+00   0.1446164E-01   0.6975257E-03
   0.9250000E+00   0.3032283E-01   0.1860069E-02
   0.9350000E+00   0.6331240E-01   0.4340160E-02
   0.9450000E+00   0.1113695E+00   0.8796574E-02
   0.9550000E+00   0.1905994E+00   0.1658561E-01
   0.9650000E+00   0.3278328E+00   0.3026487E-01
   0.9750000E+00   0.5376636E+00   0.5316696E-01
   0.9850000E+00   0.6355497E+00   0.8079673E-01
   0.9950000E+00   0.9163509E+00   0.1214470E+00
   0.1005000E+01   0.1131962E+01   0.1726764E+00
   0.1015000E+01   0.1403579E+01   0.2374688E+00
   0.1025000E+01   0.1530257E+01   0.3095077E+00
   0.1035000E+01   0.1719617E+01   0.3920482E+00
   0.1045000E+01   0.1839710E+01   0.4820678E+00
   0.1055000E+01   0.2149216E+01   0.5892542E+00
   0.1065000E+01   0.2060246E+01   0.6939606E+00
   0.1075000E+01   0.2159794E+01   0.8057972E+00
   0.1085000E+01   0.2240647E+01   0.9239891E+00
   0.1095000E+01   0.2281414E+01   0.1046560E+01
   0.1105000E+01   0.2170188E+01   0.1165294E+01
   0.1115000E+01   0.2250390E+01   0.1290655E+01
   0.1125000E+01   0.2224228E+01   0.1416791E+01
   0.1135000E+01   0.2132171E+01   0.1539866E+01
   0.1145000E+01   0.2141927E+01   0.1665691E+01
   0.1155000E+01   0.2106295E+01   0.1791595E+01
   0.1165000E+01   0.2070291E+01   0.1917498E+01
   0.1175000E+01   0.2043345E+01   0.2043905E+01
   0.1185000E+01   0.2060122E+01   0.2173529E+01
   0.1195000E+01   0.1900425E+01   0.2295131E+01
   0.1205000E+01   0.1810644E+01   0.2412935E+01
   0.1215000E+01   0.1795023E+01   0.2531670E+01
   0.1225000E+01   0.1712815E+01   0.2646839E+01
   0.1235000E+01   0.1743025E+01   0.2765961E+01
   0.1245000E+01   0.1730202E+01   0.2886129E+01
   0.1255000E+01   0.1624219E+01   0.3000756E+01
   0.1265000E+01   0.1530005E+01   0.3110461E+01
   0.1275000E+01   0.1514611E+01   0.3220786E+01
   0.1285000E+01   0.1540886E+01   0.3334793E+01
   0.1295000E+01   0.1498615E+01   0.3447405E+01
   0.1305000E+01   0.1413273E+01   0.3555250E+01
   0.1315000E+01   0.1358852E+01   0.3660537E+01
   0.1325000E+01   0.1315266E+01   0.3764004E+01
   0.1335000E+01   0.1353381E+01   0.3872082E+01
   0.1345000E+01   0.1317077E+01   0.3978842E+01
   0.1355000E+01   0.1233648E+01   0.4080332E+01
   0.1365000E+01   0.1214710E+01   0.4181744E+01
   0.1375000E+01   0.1168288E+01   0.4280715E+01
   0.1385000E+01   0.1171766E+01   0.4381430E+01
   0.1395000E+01   0.1131029E+01   0.4480053E+01
   0.1405000E+01   0.1094395E+01   0.4576854E+01
   0.1415000E+01   0.1101442E+01   0.4675670E+01
   0.1425000E+01   0.1117554E+01   0.4777354E+01
   0.1435000E+01   0.1019296E+01   0.4871403E+01
   0.1445000E+01   0.1052040E+01   0.4969832E+01
   0.1455000E+01   0.1033953E+01   0.5067912E+01
   0.1465000E+01   0.9916784E+00   0.5163279E+01
   0.1475000E+01   0.9810601E+00   0.5258918E+01
   0.1485000E+01   0.1000050E+01   0.5357734E+01
   0.1495000E+01   0.1017672E+01   0.5459650E+01
   0.1505000E+01   0.1004957E+01   0.5561644E+01
   0.1515000E+01   0.9890964E+00   0.5663366E+01
   0.1525000E+01   0.9162956E+00   0.5758850E+01
   0.1535000E+01   0.9242162E+00   0.5856426E+01
   0.1545000E+01   0.9354787E+00   0.5956482E+01
   0.1555000E+01   0.9302812E+00   0.6057275E+01
   0.1565000E+01   0.9597441E+00   0.6162601E+01
   0.1575000E+01   0.9367878E+00   0.6266726E+01
   0.1585000E+01   0.9318895E+00   0.6371626E+01
   0.1595000E+01   0.9151418E+00   0.6475945E+01
   0.1605000E+01   0.9091454E+00   0.6580884E+01
   0.1615000E+01   0.9224585E+00   0.6688690E+01
   0.1625000E+01   0.9042624E+00   0.6795683E+01
   0.1635000E+01   0.9168518E+00   0.6905505E+01
   0.1645000E+01   0.8945527E+00   0.7013970E+01
   0.1655000E+01   0.8803018E+00   0.7122009E+01
   0.1665000E+01   0.9037636E+00   0.7234272E+01
   0.1675000E+01   0.9731501E+00   0.7356610E+01
   0.1685000E+01   0.9384838E+00   0.7476003E+01
   0.1695000E+01   0.9148001E+00   0.7593769E+01
   0.1705000E+01   0.9368257E+00   0.7715797E+01
   0.1715000E+01   0.8997629E+00   0.7834376E+01
   0.1725000E+01   0.9123218E+00   0.7956017E+01
   0.1735000E+01   0.8866086E+00   0.8075604E+01
   0.1745000E+01   0.9341314E+00   0.8203057E+01
   0.1755000E+01   0.8794325E+00   0.8324427E+01
   0.1765000E+01   0.8903167E+00   0.8448703E+01
   0.1775000E+01   0.9456437E+00   0.8582201E+01
   0.1785000E+01   0.9206921E+00   0.8713646E+01
   0.1795000E+01   0.9579717E+00   0.8851950E+01
   0.1805000E+01   0.9083655E+00   0.8984558E+01
   0.1815000E+01   0.9330378E+00   0.9122280E+01
   0.1825000E+01   0.9389398E+00   0.9262405E+01
   0.1835000E+01   0.9533907E+00   0.9406251E+01
   0.1845000E+01   0.9499436E+00   0.9551142E+01
   0.1855000E+01   0.9887389E+00   0.9703590E+01
   0.1865000E+01   0.9356462E+00   0.9849412E+01
   0.1875000E+01   0.9490625E+00   0.9998915E+01
   0.1885000E+01   0.9964609E+00   0.1015756E+02
   0.1895000E+01   0.1012945E+01   0.1032055E+02
   0.1905000E+01   0.1033319E+01   0.1048858E+02
   0.1915000E+01   0.9949635E+00   0.1065207E+02
   0.1925000E+01   0.9725170E+00   0.1081355E+02
   0.1935000E+01   0.9952902E+00   0.1098053E+02
   0.1945000E+01   0.1005429E+01   0.1115096E+02
   0.1955000E+01   0.1016666E+01   0.1132507E+02
   0.1965000E+01   0.9944732E+00   0.1149712E+02
   0.1975000E+01   0.1026998E+01   0.1167662E+02
   0.1985000E+01   0.1020847E+01   0.1185685E+02
   0.1995000E+01   0.1053228E+01   0.1204468E+02
   0.2005000E+01   0.1038231E+01   0.1223169E+02
   0.2015000E+01   0.1077368E+01   0.1242770E+02
   0.2025000E+01   0.1042710E+01   0.1261929E+02
   0.2035000E+01   0.1053998E+01   0.1281487E+02
   0.2045000E+01   0.1060879E+01   0.1301366E+02
   0.2055000E+01   0.1094815E+01   0.1322083E+02
   0.2065000E+01   0.1060305E+01   0.1342342E+02
   0.2075000E+01   0.1091889E+01   0.1363407E+02
   0.2085000E+01   0.1097555E+01   0.1384786E+02
   0.2095000E+01   0.1123161E+01   0.1406875E+02
   0.2105000E+01   0.1114662E+01   0.1429005E+02
   0.2115000E+01   0.1115554E+01   0.1451365E+02
   0.2125000E+01   0.1090906E+01   0.1473438E+02
   0.2135000E+01   0.1101771E+01   0.1495941E+02
   0.2145000E+01   0.1083252E+01   0.1518273E+02
   0.2155000E+01   0.1094079E+01   0.1541040E+02
   0.2165000E+01   0.1099679E+01   0.1564136E+02
   0.2175000E+01   0.1091235E+01   0.1587266E+02
   0.2185000E+01   0.1114058E+01   0.1611098E+02
   0.2195000E+01   0.1087775E+01   0.1634582E+02
   0.2205000E+01   0.1077931E+01   0.1658065E+02
   0.2215000E+01   0.1095542E+01   0.1682149E+02
   0.2225000E+01   0.1081699E+01   0.1706144E+02
   0.2235000E+01   0.1112208E+01   0.1731038E+02
   0.2245000E+01   0.1081044E+01   0.1755451E+02
   0.2255000E+01   0.1102771E+01   0.1780578E+02
   0.2265000E+01   0.1075186E+01   0.1805293E+02
   0.2275000E+01   0.1066089E+01   0.1830017E+02
   0.2285000E+01   0.1072679E+01   0.1855112E+02
   0.2295000E+01   0.1080921E+01   0.1880622E+02
   0.2305000E+01   0.1061633E+01   0.1905896E+02
   0.2315000E+01   0.1082981E+01   0.1931902E+02
   0.2325000E+01   0.1086004E+01   0.1958207E+02
   0.2335000E+01   0.1087350E+01   0.1984771E+02
   0.2345000E+01   0.1084544E+01   0.2011494E+02
   0.2355000E+01   0.1042762E+01   0.2037407E+02
   0.2365000E+01   0.1066587E+01   0.2064137E+02
   0.2375000E+01   0.1075103E+01   0.2091310E+02
   0.2385000E+01   0.1052575E+01   0.2118138E+02
   0.2395000E+01   0.1052850E+01   0.2145198E+02
   0.2405000E+01   0.1020787E+01   0.2171653E+02
   0.2415000E+01   0.1042750E+01   0.2198903E+02
   0.2425000E+01   0.1036815E+01   0.2226223E+02
   0.2435000E+01   0.1020732E+01   0.2253341E+02
   0.2445000E+01   0.1040320E+01   0.2281207E+02
   0.2455000E+01   0.9997200E+00   0.2308206E+02
   0.2465000E+01   0.1008278E+01   0.2335657E+02
   0.2475000E+01   0.1025842E+01   0.2363814E+02
   0.2485000E+01   0.1040011E+01   0.2392591E+02
   0.2495000E+01   0.1012518E+01   0.2420833E+02
   0.2505000E+01   0.1012306E+01   0.2449296E+02
   0.2515000E+01   0.1007690E+01   0.2477855E+02
   0.2525000E+01   0.9964689E+00   0.2506322E+02
   0.2535000E+01   0.9583423E+00   0.2533917E+02
   0.2545000E+01   0.1022929E+01   0.2563605E+02
   0.2555000E+01   0.9876463E+00   0.2592494E+02
   0.2565000E+01   0.9861385E+00   0.2621565E+02
   0.2575000E+01   0.1016710E+01   0.2651772E+02
   0.2585000E+01   0.9981172E+00   0.2681657E+02
   0.2595000E+01   0.9933933E+00   0.2711631E+02
   0.2605000E+01   0.9790266E+00   0.2741400E+02
   0.2615000E+01   0.9907768E+00   0.2771758E+02
   0.2625000E+01   0.9911495E+00   0.2802360E+02
   0.2635000E+01   0.9921108E+00   0.2833225E+02
   0.2645000E+01   0.9956253E+00   0.2864436E+02
   0.2655000E+01   0.1008383E+01   0.2896286E+02
   0.2665000E+01   0.9733097E+00   0.2927260E+02
   0.2675000E+01   0.9776489E+00   0.2958606E+02
   0.2685000E+01   0.9752986E+00   0.2990111E+02
   0.2695000E+01   0.9985573E+00   0.3022608E+02
   0.2705000E+01   0.9947337E+00   0.3055221E+02
   0.2715000E+01   0.1007365E+01   0.3088493E+02
   0.2725000E+01   0.9870573E+00   0.3121335E+02
   0.2735000E+01   0.9686377E+00   0.3153801E+02
   0.2745000E+01   0.1007159E+01   0.3187805E+02
   0.2755000E+01   0.9938219E+00   0.3221604E+02
   0.2765000E+01   0.1000673E+01   0.3255883E+02
   0.2775000E+01   0.1024022E+01   0.3291217E+02
   0.2785000E+01   0.1003078E+01   0.3326078E+02
   0.2795000E+01   0.1017169E+01   0.3361683E+02
   0.2805000E+01   0.1006852E+01   0.3397179E+02
   0.2815000E+01   0.1018264E+01   0.3433334E+02
   0.2825000E+01   0.9707555E+00   0.3468048E+02
   0.2835000E+01   0.9921115E+00   0.3503776E+02
   0.2845000E+01   0.9884617E+00   0.3539625E+02
   0.2855000E+01   0.9905681E+00   0.3575804E+02
   0.2865000E+01   0.1008741E+01   0.3612904E+02
   0.2875000E+01   0.9919011E+00   0.3649641E+02
   0.2885000E+01   0.9916868E+00   0.3686625E+02
   0.2895000E+01   0.1022202E+01   0.3725012E+02
   0.2905000E+01   0.1001240E+01   0.3762872E+02
   0.2915000E+01   0.1002321E+01   0.3801035E+02
   0.2925000E+01   0.9930528E+00   0.3839104E+02
   0.2935000E+01   0.1016617E+01   0.3878344E+02
   0.2945000E+01   0.1005637E+01   0.3917425E+02
   0.2955000E+01   0.1004982E+01   0.3956746E+02
   0.2965000E+01   0.1020546E+01   0.3996946E+02
   0.2975000E+01   0.1010765E+01   0.4037031E+02
   0.2985000E+01   0.1003034E+01   0.4077077E+02
   0.2995000E+01   0.1006760E+01   0.4117541E+02
   0.3005000E+01   0.1026025E+01   0.4159055E+02
   0.3015000E+01   0.1029410E+01   0.4200984E+02
   0.3025000E+01   0.1034051E+01   0.4243382E+02
   0.3035000E+01   0.1009127E+01   0.4285032E+02
   0.3045000E+01   0.1005122E+01   0.4326791E+02
   0.3055000E+01   0.9905834E+00   0.4368216E+02
   0.3065000E+01   0.1019205E+01   0.4411118E+02
   0.3075000E+01   0.1021825E+01   0.4454411E+02
   0.3085000E+01   0.1014484E+01   0.4497673E+02
   0.3095000E+01   0.1026718E+01   0.4541741E+02
   0.3105000E+01   0.1008813E+01   0.4585321E+02
   0.3115000E+01   0.1048159E+01   0.4630893E+02
   0.3125000E+01   0.1007189E+01   0.4674965E+02
   0.3135000E+01   0.1021100E+01   0.4719932E+02
   0.3145000E+01   0.1017415E+01   0.4765023E+02
   0.3155000E+01   0.9951631E+00   0.4809409E+02
   0.3165000E+01   0.1037060E+01   0.4855957E+02
   0.3175000E+01   0.1030880E+01   0.4902521E+02
   0.3185000E+01   0.1026208E+01   0.4949166E+02
   0.3195000E+01   0.1016235E+01   0.4995648E+02
   0.3205000E+01   0.1026069E+01   0.5042875E+02
   0.3215000E+01   0.1014090E+01   0.5089841E+02
   0.3225000E+01   0.1020616E+01   0.5137405E+02
   0.3235000E+01   0.1020018E+01   0.5185236E+02
   0.3245000E+01   0.1029921E+01   0.5233830E+02
   0.3255000E+01   0.1047438E+01   0.5283556E+02
   0.3265000E+01   0.1034217E+01   0.5332956E+02
   0.3275000E+01   0.1051536E+01   0.5383492E+02
   0.3285000E+01   0.1021261E+01   0.5432873E+02
   0.3295000E+01   0.1018497E+01   0.5482420E+02
   0.3305000E+01   0.1019469E+01   0.5532317E+02
   0.3315000E+01   0.1010258E+01   0.5582062E+02
   0.3325000E+01   0.1014751E+01   0.5632330E+02
   0.3335000E+01   0.1000121E+01   0.5682172E+02
   0.3345000E+01   0.1028778E+01   0.5733751E+02
   0.3355000E+01   0.1015509E+01   0.5784968E+02
   0.3365000E+01   0.1026591E+01   0.5837054E+02
   0.3375000E+01   0.1015277E+01   0.5888873E+02
   0.3385000E+01   0.1016911E+01   0.5941082E+02
   0.3395000E+01   0.1021809E+01   0.5993854E+02
   0.3405000E+01   0.1031779E+01   0.6047455E+02
   0.3415000E+01   0.1006464E+01   0.6100048E+02
   0.3425000E+01   0.1018068E+01   0.6153560E+02
   0.3435000E+01   0.1024976E+01   0.6207750E+02
   0.3445000E+01   0.1030694E+01   0.6262560E+02
   0.3455000E+01   0.1024084E+01   0.6317335E+02
   0.3465000E+01   0.1005936E+01   0.6371452E+02
   0.3475000E+01   0.1012545E+01   0.6426239E+02
   0.3485000E+01   0.1015358E+01   0.6481494E+02
   0.3495000E+01   0.9959625E+00   0.6536006E+02
   0.3505000E+01   0.9950746E+00   0.6590781E+02
   0.3515000E+01   0.1005310E+01   0.6646436E+02
   0.3525000E+01   0.1005391E+01   0.6702412E+02
   0.3535000E+01   0.1009954E+01   0.6758962E+02
   0.3545000E+01   0.1011146E+01   0.6815900E+02
   0.3555000E+01   0.1011419E+01   0.6873174E+02
   0.3565000E+01   0.1013782E+01   0.6930906E+02
   0.3575000E+01   0.1028081E+01   0.6989781E+02
   0.3585000E+01   0.1009770E+01   0.7047932E+02
   0.3595000E+01   0.1003826E+01   0.7106063E+02
   0.3605000E+01   0.1009045E+01   0.7164821E+02
   0.3615000E+01   0.9942050E+00   0.7223038E+02
   0.3625000E+01   0.1009985E+01   0.7282506E+02
   0.3635000E+01   0.9923272E+00   0.7341257E+02
   0.3645000E+01   0.1020999E+01   0.7402038E+02
   0.3655000E+01   0.1011924E+01   0.7462611E+02
   0.3665000E+01   0.1009178E+01   0.7523350E+02
   0.3675000E+01   0.1015284E+01   0.7584790E+02
   0.3685000E+01   0.1019716E+01   0.7646835E+02
   0.3695000E+01   0.1008187E+01   0.7708512E+02
   0.3705000E+01   0.1028205E+01   0.7771754E+02
   0.3715000E+01   0.1009455E+01   0.7834179E+02
   0.3725000E+01   0.9944436E+00   0.7896007E+02
   0.3735000E+01   0.9966891E+00   0.7958307E+02
   0.3745000E+01   0.1015299E+01   0.8022112E+02
   0.3755000E+01   0.1012597E+01   0.8086086E+02
   0.3765000E+01   0.1008324E+01   0.8150131E+02
   0.3775000E+01   0.9953420E+00   0.8213687E+02
   0.3785000E+01   0.1022628E+01   0.8279332E+02
   0.3795000E+01   0.9881212E+00   0.8343097E+02
   0.3805000E+01   0.1005872E+01   0.8408351E+02
   0.3815000E+01   0.1009757E+01   0.8474201E+02
   0.3825000E+01   0.1002711E+01   0.8539935E+02
   0.3835000E+01   0.1003310E+01   0.8606053E+02
   0.3845000E+01   0.1011553E+01   0.8673062E+02
   0.3855000E+01   0.1011433E+01   0.8740412E+02
   0.3865000E+01   0.1009448E+01   0.8807979E+02
   0.3875000E+01   0.9917459E+00   0.8874705E+02
   0.3885000E+01   0.1008306E+01   0.8942896E+02
   0.3895000E+01   0.1005473E+01   0.9011246E+02
   0.3905000E+01   0.1020860E+01   0.9080998E+02
   0.3915000E+01   0.1004367E+01   0.9149976E+02
   0.3925000E+01   0.1015423E+01   0.9220069E+02
   0.3935000E+01   0.1021272E+01   0.9290926E+02
   0.3945000E+01   0.1005154E+01   0.9361020E+02
   0.3955000E+01   0.9983632E+00   0.9430993E+02
   0.3965000E+01   0.1015668E+01   0.9502540E+02
   0.3975000E+01   0.1017406E+01   0.9574571E+02
   0.3985000E+01   0.1006370E+01   0.9646180E+02
   0.3995000E+01   0.1010117E+01   0.9718417E+02
   0.4005000E+01   0.1013544E+01   0.9791262E+02
   0.4015000E+01   0.1021163E+01   0.9865021E+02
   0.4025000E+01   0.1019725E+01   0.9939044E+02
   0.4035000E+01   0.1029762E+01   0.1001417E+03
   0.4045000E+01   0.1017964E+01   0.1008880E+03
   0.4055000E+01   0.1015001E+01   0.1016358E+03
   0.4065000E+01   0.1030216E+01   0.1023986E+03
   0.4075000E+01   0.1002771E+01   0.1031447E+03
   0.4085000E+01   0.1027978E+01   0.1039134E+03
   0.4095000E+01   0.1006821E+01   0.1046699E+03
   0.4105000E+01   0.1000228E+01   0.1054251E+03
   0.4115000E+01   0.1019071E+01   0.1061983E+03
   0.4125000E+01   0.1035077E+01   0.1069875E+03
   0.4135000E+01   0.1019353E+01   0.1077684E+03
   0.4145000E+01   0.1007645E+01   0.1085441E+03
   0.4155000E+01   0.1018781E+01   0.1093322E+03
   0.4165000E+01   0.1025311E+01   0.1101292E+03
   0.4175000E+01   0.1020207E+01   0.1109260E+03
   0.4185000E+01   0.1014597E+01   0.1117222E+03
   0.4195000E+01   0.1021462E+01   0.1125277E+03
   0.4205000E+01   0.1040918E+01   0.1133524E+03
   0.4215000E+01   0.1014468E+01   0.1141600E+03
   0.4225000E+01   0.1009672E+01   0.1149675E+03
   0.4235000E+01   0.1027959E+01   0.1157936E+03
   0.4245000E+01   0.1014002E+01   0.1166124E+03
   0.4255000E+01   0.1017458E+01   0.1174378E+03
   0.4265000E+01   0.1005561E+01   0.1182574E+03
   0.4275000E+01   0.1012314E+01   0.1190864E+03
   0.4285000E+01   0.1023326E+01   0.1199283E+03
   0.4295000E+01   0.1023583E+01   0.1207743E+03
   0.4305000E+01   0.1017340E+01   0.1216192E+03
   0.4315000E+01   0.1017368E+01   0.1224679E+03
   0.4325000E+01   0.1004763E+01   0.1233101E+03
   0.4335000E+01   0.1025766E+01   0.1241738E+03
   0.4345000E+01   0.1026410E+01   0.1250421E+03
   0.4355000E+01   0.1015500E+01   0.1259051E+03
   0.4365000E+01   0.1025150E+01   0.1267803E+03
   0.4375000E+01   0.1020469E+01   0.1276555E+03
   0.4385000E+01   0.1016855E+01   0.1285316E+03
   0.4395000E+01   0.1009591E+01   0.1294054E+03
   0.4405000E+01   0.1014417E+01   0.1302873E+03
   0.4415000E+01   0.1019455E+01   0.1311777E+03
   0.4425000E+01   0.1016972E+01   0.1320700E+03
   0.4435000E+01   0.9977495E+00   0.1329493E+03
   0.4445000E+01   0.1015764E+01   0.1338486E+03
   0.4455000E+01   0.1019619E+01   0.1347553E+03
   0.4465000E+01   0.1029936E+01   0.1356754E+03
   0.4475000E+01   0.1012123E+01   0.1365836E+03
   0.4485000E+01   0.1017633E+01   0.1375008E+03
   0.4495000E+01   0.1019145E+01   0.1384234E+03
   0.4505000E+01   0.1024469E+01   0.1393551E+03
   0.4515000E+01   0.1014803E+01   0.1402820E+03
   0.4525000E+01   0.1011970E+01   0.1412104E+03
   0.4535000E+01   0.1000783E+01   0.1421327E+03
   0.4545000E+01   0.1020876E+01   0.1430776E+03
   0.4555000E+01   0.1022693E+01   0.1440284E+03
   0.4565000E+01   0.1019338E+01   0.1449802E+03
   0.4575000E+01   0.1009350E+01   0.1459268E+03
   0.4585000E+01   0.1009888E+01   0.1468781E+03
   0.4595000E+01   0.1027575E+01   0.1478502E+03
   0.4605000E+01   0.1013860E+01   0.1488136E+03
   0.4615000E+01   0.1023196E+01   0.1497900E+03
   0.4625000E+01   0.1004827E+01   0.1507531E+03
   0.4635000E+01   0.1020584E+01   0.1517356E+03
   0.4645000E+01   0.1017397E+01   0.1527191E+03
   0.4655000E+01   0.1010636E+01   0.1537004E+03
   0.4665000E+01   0.1024866E+01   0.1546998E+03
   0.4675000E+01   0.1011781E+01   0.1556906E+03
   0.4685000E+01   0.1020863E+01   0.1566946E+03
   0.4695000E+01   0.1014753E+01   0.1576969E+03
   0.4705000E+01   0.1007632E+01   0.1586964E+03
   0.4715000E+01   0.1027131E+01   0.1597195E+03
   0.4725000E+01   0.1014382E+01   0.1607343E+03
   0.4735000E+01   0.1023526E+01   0.1617625E+03
   0.4745000E+01   0.1027091E+01   0.1627987E+03
   0.4755000E+01   0.1013518E+01   0.1638255E+03
   0.4765000E+01   0.1024657E+01   0.1648679E+03
   0.4775000E+01   0.1008953E+01   0.1658987E+03
   0.4785000E+01   0.1017280E+01   0.1669424E+03
   0.4795000E+01   0.1025492E+01   0.1679988E+03
   0.4805000E+01   0.1008717E+01   0.1690424E+03
   0.4815000E+01   0.1023519E+01   0.1701056E+03
   0.4825000E+01   0.1022104E+01   0.1711718E+03
   0.4835000E+01   0.1012812E+01   0.1722327E+03
   0.4845000E+01   0.1017146E+01   0.1733026E+03
   0.4855000E+01   0.1022757E+01   0.1743828E+03
   0.4865000E+01   0.1010847E+01   0.1754548E+03
   0.4875000E+01   0.1027701E+01   0.1765492E+03
   0.4885000E+01   0.1027050E+01   0.1776474E+03
   0.4895000E+01   0.1023796E+01   0.1787465E+03
   0.4905000E+01   0.1023184E+01   0.1798496E+03
   0.4915000E+01   0.1022999E+01   0.1809569E+03
   0.4925000E+01   0.1017672E+01   0.1820629E+03
   0.4935000E+01   0.1017778E+01   0.1831736E+03
   0.4945000E+01   0.1029404E+01   0.1843015E+03
   0.4955000E+01   0.1024373E+01   0.1854284E+03
   0.4965000E+01   0.1018040E+01   0.1865529E+03
   0.4975000E+01   0.1018914E+01   0.1876829E+03
   0.4985000E+01   0.1009575E+01   0.1888070E+03
   0.4995000E+01   0.1023908E+01   0.1899517E+03
