   1620.37094759644     
   1620.68718109187     
   1620.45287826024     
   1620.20882457677     
   1620.63916668433     
   1620.94302191893     
   1621.25680105504     
   1620.75915350000     
   1620.52087644389     
   1620.21276120381     
   1620.09028286231     
   1619.45155146585     
   1619.14059466138     
   1618.89642738208     
   1619.67629103321     
   1619.43426341962     
   1618.96231153165     
   1618.29060438128     
   1617.74597187291     
   1617.25997593257     
   1617.25201399986     
   1617.13181091090     
   1616.98662291817     
   1617.07804745493     
   1616.89445604140     
   1617.67895844578     
   1619.00275032298     
   1619.49100577574     
   1620.77016810853     
   1619.25932831463     
   1620.66169494689     
   1620.02362948760     
   1620.02362948760     
   1621.19881583276     
   1622.68361653390     
   1621.09427955379     
   1619.38791884893     
   1617.99474800442     
   1618.62549404886     
   1619.76150732411     
   1619.57813749683     
   1621.17702811346     
   1621.41848103188     
   1621.62275832331     
   1624.28882237987     
   1623.98212380645     
   1621.86931274088     
   1619.03529341956     
   1618.55026425212     
   1617.84131503044     
   1617.84131503044     
   1620.02903262972     
   1623.31489988923     
   1621.04419526594     
   1622.09009808952     
   1622.09009808952     
   1620.23693826778     
   1620.23693826778     
   1620.23693826778     
   1616.69194475322     
   1614.12271212023     
   1613.24894470384     
   1613.24894470384     
   1612.49226432675     
   1612.48933503083     
   1608.84346346059     
   1608.84346346059     
   1605.16528063992     
   1605.16528063992     
   1604.71550897220     
   1609.15042276632     
   1606.94261749733     
   1604.82718336407     
   1598.30182506503     
   1593.75004135329     
   1589.23877548139     
   1589.23877548139     
   1588.51879955458     
   1588.51879955458     
   1582.40773648330     
   1579.56617671339     
   1571.82352782304     
   1566.75070104459     
   1559.77627185081     
   1564.58397877888     
   1564.58397877888     
   1564.58397877888     
   1560.49140892329     
   1558.58795983806     
   1558.58795983806     
   1562.55245378196     
   1561.56684368416     
   1562.26979638714     
   1568.12139661269     
   1566.36000405443     
   1577.88871284557     
   1574.11644001424     
   1572.60519875984     
   1583.76223861507     
   1583.76223861507     
   1583.76223861507     
   1583.76223861507     
   1583.76223861507     
   1583.76223861507     
   1573.36948811470     
   1573.36948811470     
   1573.36948811470     
   1561.49325999708     
   1548.91106835116     
   1549.22332910738     
   1548.25660420519     
   1556.54273002890     
   1556.54273002890     
   1560.10410748653     
   1546.31088681073     
   1543.52137352802     
   1543.52137352802     
   1542.10433225483     
   1546.64999561878     
   1546.64999561878     
   1539.68177792059     
   1553.49205126524     
   1553.49205126524     
   1538.87330796815     
   1538.21934472526     
   1538.21934472526     
   1524.00064694675     
   1511.09018165841     
   1517.30988662112     
   1517.30988662112     
   1517.30988662112     
   1517.30988662112     
   1502.94027067860     
   1502.94027067860     
   1498.19156834338     
   1498.19156834338     
   1494.38207059827     
   1491.61841896211     
   1484.16920727569     
   1469.92432221586     
   1457.41510232895     
   1442.33837698000     
   1441.34646331982     
   1441.34646331982     
   1444.11269332191     
   1425.57319924670     
   1425.57319924670     
   1422.48066059639     
   1422.84788366102     
   1413.89540671674     
   1427.05705968138     
   1411.48218092791     
   1387.26285836839     
   1388.72093803010     
   1385.15528504177     
   1385.15528504177     
   1365.55571166472     
   1365.55571166472     
   1365.55571166472     
   1359.43913630329     
   1343.86214846979     
   1344.34629040978     
   1344.34629040978     
   1343.78509283432     
   1335.27842090894     
   1335.27842090894     
   1321.95159647131     
   1323.21560941560     
   1316.79902279509     
   1316.79902279509     
   1287.44446543592     
   1287.44446543592     
   1287.44446543592     
   1287.44446543592     
   1287.44446543592     
   1278.35756588479     
   1264.91267441176     
   1264.91267441176     
   1253.82790889995     
   1253.82790889995     
   1233.89591958508     
   1233.89591958508     
   1225.59588080501     
   1225.59588080501     
   1225.97527945736     
   1225.97527945736     
   1225.97527945736     
   1191.76214866962     
   1200.08345046993     
   1200.22587581101     
   1170.52586157484     
   1162.66299466456     
   1162.66299466456     
   1162.66299466456     
   1162.66299466456     
   1162.66299466456     
   1162.66299466456     
   1162.66299466456     
   1168.74112718538     
   1134.52407101009     
   1134.52407101009     
   1134.52407101009     
   1134.52407101009     
   1150.67992176719     
   1167.51027780968     
   1167.51027780968     
   1161.08141251761     
   1137.01860182718     
   1137.01860182718     
   1137.01860182718     
   1138.50618090372     
   1138.50618090372     
   1124.04434564413     
   1103.86937263174     
   1103.86937263174     
   1103.86937263174     
   1079.26421619688     
   1079.26421619688     
   1076.26950161775     
   1086.74475267551     
   1075.36579844383     
   1075.36579844383     
   1075.36579844383     
   1073.85104225507     
   1073.85104225507     
   1073.85104225507     
   1073.85104225507     
   1073.85104225507     
   1073.85104225507     
   1061.12078359278     
   1061.12078359278     
