      1000
   -0.769164E+03   -0.654424E+02    0.000000E+00    0.000000E+00   -0.769164E+03    0.000000E+00
    0.000000E+00    0.000000E+00    0.000000E+00    0.000000E+00    0.000000E+00    0.000000E+00
    0.162025E+04    0.117452E+02    0.117452E+02    0.117452E+02    0.900000E+02    0.900000E+02
    0.900000E+02    0.591613E+06    0.428271E+04
      512.000000
        1.000000
   -0.703721E+03    0.000000E+00    0.000000E+00    0.000000E+00    0.000000E+00    0.000000E+00
    0.000000E+00   -0.703721E+03    0.000000E+00    0.000000E+00    0.000000E+00    0.000000E+00
    0.000000E+00    0.000000E+00    0.000000E+00    0.000000E+00    0.000000E+00    0.000000E+00
    0.000000E+00    0.000000E+00    0.000000E+00
      2000
   -0.815829E+03   -0.112108E+03    0.000000E+00    0.000000E+00   -0.815829E+03    0.000000E+00
    0.000000E+00    0.000000E+00    0.000000E+00    0.000000E+00    0.000000E+00    0.000000E+00
    0.162025E+04    0.117452E+02    0.117452E+02    0.117452E+02    0.900000E+02    0.900000E+02
    0.900000E+02    0.665577E+06    0.125682E+05
      512.000000
        1.000000
   -0.703721E+03    0.000000E+00    0.000000E+00    0.000000E+00    0.000000E+00    0.000000E+00
    0.000000E+00   -0.703721E+03    0.000000E+00    0.000000E+00    0.000000E+00    0.000000E+00
    0.000000E+00    0.000000E+00    0.000000E+00    0.000000E+00    0.000000E+00    0.000000E+00
    0.000000E+00    0.000000E+00    0.000000E+00
      3000
   -0.857938E+03   -0.154217E+03    0.000000E+00    0.000000E+00   -0.857938E+03    0.000000E+00
    0.000000E+00    0.000000E+00    0.000000E+00    0.000000E+00    0.000000E+00    0.000000E+00
    0.162025E+04    0.117452E+02    0.117452E+02    0.117452E+02    0.900000E+02    0.900000E+02
    0.900000E+02    0.736058E+06    0.237829E+05
      512.000000
        1.000000
   -0.703721E+03    0.000000E+00    0.000000E+00    0.000000E+00    0.000000E+00    0.000000E+00
    0.000000E+00   -0.703721E+03    0.000000E+00    0.000000E+00    0.000000E+00    0.000000E+00
    0.000000E+00    0.000000E+00    0.000000E+00    0.000000E+00    0.000000E+00    0.000000E+00
    0.000000E+00    0.000000E+00    0.000000E+00
      4000
   -0.916531E+03   -0.212809E+03    0.000000E+00    0.000000E+00   -0.916531E+03    0.000000E+00
    0.000000E+00    0.000000E+00    0.000000E+00    0.000000E+00    0.000000E+00    0.000000E+00
    0.162025E+04    0.117452E+02    0.117452E+02    0.117452E+02    0.900000E+02    0.900000E+02
    0.900000E+02    0.840028E+06    0.452879E+05
      512.000000
        1.000000
   -0.703721E+03    0.000000E+00    0.000000E+00    0.000000E+00    0.000000E+00    0.000000E+00
    0.000000E+00   -0.703721E+03    0.000000E+00    0.000000E+00    0.000000E+00    0.000000E+00
    0.000000E+00    0.000000E+00    0.000000E+00    0.000000E+00    0.000000E+00    0.000000E+00
    0.000000E+00    0.000000E+00    0.000000E+00
      5000
   -0.959906E+03   -0.256185E+03    0.000000E+00    0.000000E+00   -0.959906E+03    0.000000E+00
    0.000000E+00    0.000000E+00    0.000000E+00    0.000000E+00    0.000000E+00    0.000000E+00
    0.162025E+04    0.117452E+02    0.117452E+02    0.117452E+02    0.900000E+02    0.900000E+02
    0.900000E+02    0.921420E+06    0.656306E+05
      512.000000
        1.000000
   -0.703721E+03    0.000000E+00    0.000000E+00    0.000000E+00    0.000000E+00    0.000000E+00
    0.000000E+00   -0.703721E+03    0.000000E+00    0.000000E+00    0.000000E+00    0.000000E+00
    0.000000E+00    0.000000E+00    0.000000E+00    0.000000E+00    0.000000E+00    0.000000E+00
    0.000000E+00    0.000000E+00    0.000000E+00
      6000
   -0.968235E+03   -0.264514E+03    0.000000E+00    0.000000E+00   -0.968235E+03    0.000000E+00
    0.000000E+00    0.000000E+00    0.000000E+00    0.000000E+00    0.000000E+00    0.000000E+00
    0.162025E+04    0.117452E+02    0.117452E+02    0.117452E+02    0.900000E+02    0.900000E+02
    0.900000E+02    0.937479E+06    0.699675E+05
      512.000000
        1.000000
   -0.703721E+03    0.000000E+00    0.000000E+00    0.000000E+00    0.000000E+00    0.000000E+00
    0.000000E+00   -0.703721E+03    0.000000E+00    0.000000E+00    0.000000E+00    0.000000E+00
    0.000000E+00    0.000000E+00    0.000000E+00    0.000000E+00    0.000000E+00    0.000000E+00
    0.000000E+00    0.000000E+00    0.000000E+00
      7000
   -0.981125E+03   -0.277403E+03    0.000000E+00    0.000000E+00   -0.981125E+03    0.000000E+00
    0.000000E+00    0.000000E+00    0.000000E+00    0.000000E+00    0.000000E+00    0.000000E+00
    0.162025E+04    0.117452E+02    0.117452E+02    0.117452E+02    0.900000E+02    0.900000E+02
    0.900000E+02    0.962606E+06    0.769527E+05
      512.000000
        1.000000
   -0.703721E+03    0.000000E+00    0.000000E+00    0.000000E+00    0.000000E+00    0.000000E+00
    0.000000E+00   -0.703721E+03    0.000000E+00    0.000000E+00    0.000000E+00    0.000000E+00
    0.000000E+00    0.000000E+00    0.000000E+00    0.000000E+00    0.000000E+00    0.000000E+00
    0.000000E+00    0.000000E+00    0.000000E+00
      8000
   -0.100336E+04   -0.299638E+03    0.000000E+00    0.000000E+00   -0.100336E+04    0.000000E+00
    0.000000E+00    0.000000E+00    0.000000E+00    0.000000E+00    0.000000E+00    0.000000E+00
    0.162025E+04    0.117452E+02    0.117452E+02    0.117452E+02    0.900000E+02    0.900000E+02
    0.900000E+02    0.100673E+07    0.897827E+05
      512.000000
        1.000000
   -0.703721E+03    0.000000E+00    0.000000E+00    0.000000E+00    0.000000E+00    0.000000E+00
    0.000000E+00   -0.703721E+03    0.000000E+00    0.000000E+00    0.000000E+00    0.000000E+00
    0.000000E+00    0.000000E+00    0.000000E+00    0.000000E+00    0.000000E+00    0.000000E+00
    0.000000E+00    0.000000E+00    0.000000E+00
      9000
   -0.101909E+04   -0.315365E+03    0.000000E+00    0.000000E+00   -0.101909E+04    0.000000E+00
    0.000000E+00    0.000000E+00    0.000000E+00    0.000000E+00    0.000000E+00    0.000000E+00
    0.162025E+04    0.117452E+02    0.117452E+02    0.117452E+02    0.900000E+02    0.900000E+02
    0.900000E+02    0.103854E+07    0.994548E+05
      512.000000
        1.000000
   -0.703721E+03    0.000000E+00    0.000000E+00    0.000000E+00    0.000000E+00    0.000000E+00
    0.000000E+00   -0.703721E+03    0.000000E+00    0.000000E+00    0.000000E+00    0.000000E+00
    0.000000E+00    0.000000E+00    0.000000E+00    0.000000E+00    0.000000E+00    0.000000E+00
    0.000000E+00    0.000000E+00    0.000000E+00
     10000
   -0.100673E+04   -0.303012E+03    0.000000E+00    0.000000E+00   -0.100673E+04    0.000000E+00
    0.000000E+00    0.000000E+00    0.000000E+00    0.000000E+00    0.000000E+00    0.000000E+00
    0.162025E+04    0.117452E+02    0.117452E+02    0.117452E+02    0.900000E+02    0.900000E+02
    0.900000E+02    0.101351E+07    0.918163E+05
      512.000000
        1.000000
   -0.703721E+03    0.000000E+00    0.000000E+00    0.000000E+00    0.000000E+00    0.000000E+00
    0.000000E+00   -0.703721E+03    0.000000E+00    0.000000E+00    0.000000E+00    0.000000E+00
    0.000000E+00    0.000000E+00    0.000000E+00    0.000000E+00    0.000000E+00    0.000000E+00
    0.000000E+00    0.000000E+00    0.000000E+00
