      1000
   -0.765916E+03   -0.588800E+03    0.000000E+00    0.000000E+00   -0.765916E+03    0.000000E+00
    0.000000E+00    0.000000E+00    0.000000E+00    0.000000E+00    0.000000E+00    0.000000E+00
    0.162045E+04    0.117457E+02    0.117457E+02    0.117457E+02    0.900000E+02    0.900000E+02
    0.900000E+02    0.586627E+06    0.346686E+06
      512.000000
        1.000000
   -0.703721E+03    0.000000E+00    0.000000E+00    0.000000E+00    0.000000E+00    0.000000E+00
    0.000000E+00   -0.703721E+03    0.000000E+00    0.000000E+00    0.000000E+00    0.000000E+00
    0.000000E+00    0.000000E+00    0.000000E+00    0.000000E+00    0.000000E+00    0.000000E+00
    0.000000E+00    0.000000E+00    0.000000E+00
      2000
   -0.800868E+03   -0.623779E+03    0.000000E+00    0.000000E+00   -0.800868E+03    0.000000E+00
    0.000000E+00    0.000000E+00    0.000000E+00    0.000000E+00    0.000000E+00    0.000000E+00
    0.162021E+04    0.117451E+02    0.117451E+02    0.117451E+02    0.900000E+02    0.900000E+02
    0.900000E+02    0.641389E+06    0.389100E+06
      512.000000
        1.000000
   -0.703721E+03    0.000000E+00    0.000000E+00    0.000000E+00    0.000000E+00    0.000000E+00
    0.000000E+00   -0.703721E+03    0.000000E+00    0.000000E+00    0.000000E+00    0.000000E+00
    0.000000E+00    0.000000E+00    0.000000E+00    0.000000E+00    0.000000E+00    0.000000E+00
    0.000000E+00    0.000000E+00    0.000000E+00
      3000
   -0.852417E+03   -0.675268E+03    0.000000E+00    0.000000E+00   -0.852417E+03    0.000000E+00
    0.000000E+00    0.000000E+00    0.000000E+00    0.000000E+00    0.000000E+00    0.000000E+00
    0.162076E+04    0.117464E+02    0.117464E+02    0.117464E+02    0.900000E+02    0.900000E+02
    0.900000E+02    0.726615E+06    0.455987E+06
      512.000000
        1.000000
   -0.703721E+03    0.000000E+00    0.000000E+00    0.000000E+00    0.000000E+00    0.000000E+00
    0.000000E+00   -0.703721E+03    0.000000E+00    0.000000E+00    0.000000E+00    0.000000E+00
    0.000000E+00    0.000000E+00    0.000000E+00    0.000000E+00    0.000000E+00    0.000000E+00
    0.000000E+00    0.000000E+00    0.000000E+00
      4000
   -0.892871E+03   -0.715748E+03    0.000000E+00    0.000000E+00   -0.892871E+03    0.000000E+00
    0.000000E+00    0.000000E+00    0.000000E+00    0.000000E+00    0.000000E+00    0.000000E+00
    0.162052E+04    0.117459E+02    0.117459E+02    0.117459E+02    0.900000E+02    0.900000E+02
    0.900000E+02    0.797219E+06    0.512296E+06
      512.000000
        1.000000
   -0.703721E+03    0.000000E+00    0.000000E+00    0.000000E+00    0.000000E+00    0.000000E+00
    0.000000E+00   -0.703721E+03    0.000000E+00    0.000000E+00    0.000000E+00    0.000000E+00
    0.000000E+00    0.000000E+00    0.000000E+00    0.000000E+00    0.000000E+00    0.000000E+00
    0.000000E+00    0.000000E+00    0.000000E+00
      5000
   -0.950054E+03   -0.773048E+03    0.000000E+00    0.000000E+00   -0.950054E+03    0.000000E+00
    0.000000E+00    0.000000E+00    0.000000E+00    0.000000E+00    0.000000E+00    0.000000E+00
    0.161945E+04    0.117433E+02    0.117433E+02    0.117433E+02    0.900000E+02    0.900000E+02
    0.900000E+02    0.902603E+06    0.597603E+06
      512.000000
        1.000000
   -0.703721E+03    0.000000E+00    0.000000E+00    0.000000E+00    0.000000E+00    0.000000E+00
    0.000000E+00   -0.703721E+03    0.000000E+00    0.000000E+00    0.000000E+00    0.000000E+00
    0.000000E+00    0.000000E+00    0.000000E+00    0.000000E+00    0.000000E+00    0.000000E+00
    0.000000E+00    0.000000E+00    0.000000E+00
      6000
   -0.972519E+03   -0.795573E+03    0.000000E+00    0.000000E+00   -0.972519E+03    0.000000E+00
    0.000000E+00    0.000000E+00    0.000000E+00    0.000000E+00    0.000000E+00    0.000000E+00
    0.161890E+04    0.117419E+02    0.117419E+02    0.117419E+02    0.900000E+02    0.900000E+02
    0.900000E+02    0.945793E+06    0.632937E+06
      512.000000
        1.000000
   -0.703721E+03    0.000000E+00    0.000000E+00    0.000000E+00    0.000000E+00    0.000000E+00
    0.000000E+00   -0.703721E+03    0.000000E+00    0.000000E+00    0.000000E+00    0.000000E+00
    0.000000E+00    0.000000E+00    0.000000E+00    0.000000E+00    0.000000E+00    0.000000E+00
    0.000000E+00    0.000000E+00    0.000000E+00
      7000
   -0.994237E+03   -0.817206E+03    0.000000E+00    0.000000E+00   -0.994237E+03    0.000000E+00
    0.000000E+00    0.000000E+00    0.000000E+00    0.000000E+00    0.000000E+00    0.000000E+00
    0.161968E+04    0.117438E+02    0.117438E+02    0.117438E+02    0.900000E+02    0.900000E+02
    0.900000E+02    0.988507E+06    0.667826E+06
      512.000000
        1.000000
   -0.703721E+03    0.000000E+00    0.000000E+00    0.000000E+00    0.000000E+00    0.000000E+00
    0.000000E+00   -0.703721E+03    0.000000E+00    0.000000E+00    0.000000E+00    0.000000E+00
    0.000000E+00    0.000000E+00    0.000000E+00    0.000000E+00    0.000000E+00    0.000000E+00
    0.000000E+00    0.000000E+00    0.000000E+00
      8000
   -0.993529E+03   -0.816709E+03    0.000000E+00    0.000000E+00   -0.993529E+03    0.000000E+00
    0.000000E+00    0.000000E+00    0.000000E+00    0.000000E+00    0.000000E+00    0.000000E+00
    0.161775E+04    0.117392E+02    0.117392E+02    0.117392E+02    0.900000E+02    0.900000E+02
    0.900000E+02    0.987100E+06    0.667014E+06
      512.000000
        1.000000
   -0.703721E+03    0.000000E+00    0.000000E+00    0.000000E+00    0.000000E+00    0.000000E+00
    0.000000E+00   -0.703721E+03    0.000000E+00    0.000000E+00    0.000000E+00    0.000000E+00
    0.000000E+00    0.000000E+00    0.000000E+00    0.000000E+00    0.000000E+00    0.000000E+00
    0.000000E+00    0.000000E+00    0.000000E+00
      9000
   -0.998544E+03   -0.821792E+03    0.000000E+00    0.000000E+00   -0.998544E+03    0.000000E+00
    0.000000E+00    0.000000E+00    0.000000E+00    0.000000E+00    0.000000E+00    0.000000E+00
    0.161713E+04    0.117377E+02    0.117377E+02    0.117377E+02    0.900000E+02    0.900000E+02
    0.900000E+02    0.997091E+06    0.675342E+06
      512.000000
        1.000000
   -0.703721E+03    0.000000E+00    0.000000E+00    0.000000E+00    0.000000E+00    0.000000E+00
    0.000000E+00   -0.703721E+03    0.000000E+00    0.000000E+00    0.000000E+00    0.000000E+00
    0.000000E+00    0.000000E+00    0.000000E+00    0.000000E+00    0.000000E+00    0.000000E+00
    0.000000E+00    0.000000E+00    0.000000E+00
     10000
   -0.100923E+04   -0.832420E+03    0.000000E+00    0.000000E+00   -0.100923E+04    0.000000E+00
    0.000000E+00    0.000000E+00    0.000000E+00    0.000000E+00    0.000000E+00    0.000000E+00
    0.161768E+04    0.117390E+02    0.117390E+02    0.117390E+02    0.900000E+02    0.900000E+02
    0.900000E+02    0.101855E+07    0.692922E+06
      512.000000
        1.000000
   -0.703721E+03    0.000000E+00    0.000000E+00    0.000000E+00    0.000000E+00    0.000000E+00
    0.000000E+00   -0.703721E+03    0.000000E+00    0.000000E+00    0.000000E+00    0.000000E+00
    0.000000E+00    0.000000E+00    0.000000E+00    0.000000E+00    0.000000E+00    0.000000E+00
    0.000000E+00    0.000000E+00    0.000000E+00
     11000
   -0.102288E+04   -0.845734E+03    0.000000E+00    0.000000E+00   -0.102288E+04    0.000000E+00
    0.000000E+00    0.000000E+00    0.000000E+00    0.000000E+00    0.000000E+00    0.000000E+00
    0.162077E+04    0.117465E+02    0.117465E+02    0.117465E+02    0.900000E+02    0.900000E+02
    0.900000E+02    0.104629E+07    0.715266E+06
      512.000000
        1.000000
   -0.703721E+03    0.000000E+00    0.000000E+00    0.000000E+00    0.000000E+00    0.000000E+00
    0.000000E+00   -0.703721E+03    0.000000E+00    0.000000E+00    0.000000E+00    0.000000E+00
    0.000000E+00    0.000000E+00    0.000000E+00    0.000000E+00    0.000000E+00    0.000000E+00
    0.000000E+00    0.000000E+00    0.000000E+00
     12000
   -0.105185E+04   -0.874863E+03    0.000000E+00    0.000000E+00   -0.105185E+04    0.000000E+00
    0.000000E+00    0.000000E+00    0.000000E+00    0.000000E+00    0.000000E+00    0.000000E+00
    0.161926E+04    0.117428E+02    0.117428E+02    0.117428E+02    0.900000E+02    0.900000E+02
    0.900000E+02    0.110638E+07    0.765385E+06
      512.000000
        1.000000
   -0.703721E+03    0.000000E+00    0.000000E+00    0.000000E+00    0.000000E+00    0.000000E+00
    0.000000E+00   -0.703721E+03    0.000000E+00    0.000000E+00    0.000000E+00    0.000000E+00
    0.000000E+00    0.000000E+00    0.000000E+00    0.000000E+00    0.000000E+00    0.000000E+00
    0.000000E+00    0.000000E+00    0.000000E+00
     13000
   -0.104140E+04   -0.864413E+03    0.000000E+00    0.000000E+00   -0.104140E+04    0.000000E+00
    0.000000E+00    0.000000E+00    0.000000E+00    0.000000E+00    0.000000E+00    0.000000E+00
    0.161926E+04    0.117428E+02    0.117428E+02    0.117428E+02    0.900000E+02    0.900000E+02
    0.900000E+02    0.108451E+07    0.747209E+06
      512.000000
        1.000000
   -0.703721E+03    0.000000E+00    0.000000E+00    0.000000E+00    0.000000E+00    0.000000E+00
    0.000000E+00   -0.703721E+03    0.000000E+00    0.000000E+00    0.000000E+00    0.000000E+00
    0.000000E+00    0.000000E+00    0.000000E+00    0.000000E+00    0.000000E+00    0.000000E+00
    0.000000E+00    0.000000E+00    0.000000E+00
     14000
   -0.105235E+04   -0.875284E+03    0.000000E+00    0.000000E+00   -0.105235E+04    0.000000E+00
    0.000000E+00    0.000000E+00    0.000000E+00    0.000000E+00    0.000000E+00    0.000000E+00
    0.162002E+04    0.117447E+02    0.117447E+02    0.117447E+02    0.900000E+02    0.900000E+02
    0.900000E+02    0.110745E+07    0.766123E+06
      512.000000
        1.000000
   -0.703721E+03    0.000000E+00    0.000000E+00    0.000000E+00    0.000000E+00    0.000000E+00
    0.000000E+00   -0.703721E+03    0.000000E+00    0.000000E+00    0.000000E+00    0.000000E+00
    0.000000E+00    0.000000E+00    0.000000E+00    0.000000E+00    0.000000E+00    0.000000E+00
    0.000000E+00    0.000000E+00    0.000000E+00
     15000
   -0.105934E+04   -0.882123E+03    0.000000E+00    0.000000E+00   -0.105934E+04    0.000000E+00
    0.000000E+00    0.000000E+00    0.000000E+00    0.000000E+00    0.000000E+00    0.000000E+00
    0.162139E+04    0.117480E+02    0.117480E+02    0.117480E+02    0.900000E+02    0.900000E+02
    0.900000E+02    0.112220E+07    0.778140E+06
      512.000000
        1.000000
   -0.703721E+03    0.000000E+00    0.000000E+00    0.000000E+00    0.000000E+00    0.000000E+00
    0.000000E+00   -0.703721E+03    0.000000E+00    0.000000E+00    0.000000E+00    0.000000E+00
    0.000000E+00    0.000000E+00    0.000000E+00    0.000000E+00    0.000000E+00    0.000000E+00
    0.000000E+00    0.000000E+00    0.000000E+00
     16000
   -0.106309E+04   -0.885740E+03    0.000000E+00    0.000000E+00   -0.106309E+04    0.000000E+00
    0.000000E+00    0.000000E+00    0.000000E+00    0.000000E+00    0.000000E+00    0.000000E+00
    0.162258E+04    0.117508E+02    0.117508E+02    0.117508E+02    0.900000E+02    0.900000E+02
    0.900000E+02    0.113016E+07    0.784535E+06
      512.000000
        1.000000
   -0.703721E+03    0.000000E+00    0.000000E+00    0.000000E+00    0.000000E+00    0.000000E+00
    0.000000E+00   -0.703721E+03    0.000000E+00    0.000000E+00    0.000000E+00    0.000000E+00
    0.000000E+00    0.000000E+00    0.000000E+00    0.000000E+00    0.000000E+00    0.000000E+00
    0.000000E+00    0.000000E+00    0.000000E+00
     17000
   -0.107902E+04   -0.901973E+03    0.000000E+00    0.000000E+00   -0.107902E+04    0.000000E+00
    0.000000E+00    0.000000E+00    0.000000E+00    0.000000E+00    0.000000E+00    0.000000E+00
    0.161985E+04    0.117442E+02    0.117442E+02    0.117442E+02    0.900000E+02    0.900000E+02
    0.900000E+02    0.116429E+07    0.813555E+06
      512.000000
        1.000000
   -0.703721E+03    0.000000E+00    0.000000E+00    0.000000E+00    0.000000E+00    0.000000E+00
    0.000000E+00   -0.703721E+03    0.000000E+00    0.000000E+00    0.000000E+00    0.000000E+00
    0.000000E+00    0.000000E+00    0.000000E+00    0.000000E+00    0.000000E+00    0.000000E+00
    0.000000E+00    0.000000E+00    0.000000E+00
     18000
   -0.105835E+04   -0.881181E+03    0.000000E+00    0.000000E+00   -0.105835E+04    0.000000E+00
    0.000000E+00    0.000000E+00    0.000000E+00    0.000000E+00    0.000000E+00    0.000000E+00
    0.162090E+04    0.117468E+02    0.117468E+02    0.117468E+02    0.900000E+02    0.900000E+02
    0.900000E+02    0.112009E+07    0.776480E+06
      512.000000
        1.000000
   -0.703721E+03    0.000000E+00    0.000000E+00    0.000000E+00    0.000000E+00    0.000000E+00
    0.000000E+00   -0.703721E+03    0.000000E+00    0.000000E+00    0.000000E+00    0.000000E+00
    0.000000E+00    0.000000E+00    0.000000E+00    0.000000E+00    0.000000E+00    0.000000E+00
    0.000000E+00    0.000000E+00    0.000000E+00
     19000
   -0.105081E+04   -0.873398E+03    0.000000E+00    0.000000E+00   -0.105081E+04    0.000000E+00
    0.000000E+00    0.000000E+00    0.000000E+00    0.000000E+00    0.000000E+00    0.000000E+00
    0.162316E+04    0.117522E+02    0.117522E+02    0.117522E+02    0.900000E+02    0.900000E+02
    0.900000E+02    0.110420E+07    0.762823E+06
      512.000000
        1.000000
   -0.703721E+03    0.000000E+00    0.000000E+00    0.000000E+00    0.000000E+00    0.000000E+00
    0.000000E+00   -0.703721E+03    0.000000E+00    0.000000E+00    0.000000E+00    0.000000E+00
    0.000000E+00    0.000000E+00    0.000000E+00    0.000000E+00    0.000000E+00    0.000000E+00
    0.000000E+00    0.000000E+00    0.000000E+00
     20000
   -0.107048E+04   -0.892746E+03    0.000000E+00    0.000000E+00   -0.107048E+04    0.000000E+00
    0.000000E+00    0.000000E+00    0.000000E+00    0.000000E+00    0.000000E+00    0.000000E+00
    0.162611E+04    0.117594E+02    0.117594E+02    0.117594E+02    0.900000E+02    0.900000E+02
    0.900000E+02    0.114593E+07    0.796995E+06
      512.000000
        1.000000
   -0.703721E+03    0.000000E+00    0.000000E+00    0.000000E+00    0.000000E+00    0.000000E+00
    0.000000E+00   -0.703721E+03    0.000000E+00    0.000000E+00    0.000000E+00    0.000000E+00
    0.000000E+00    0.000000E+00    0.000000E+00    0.000000E+00    0.000000E+00    0.000000E+00
    0.000000E+00    0.000000E+00    0.000000E+00
     21000
   -0.108227E+04   -0.904825E+03    0.000000E+00    0.000000E+00   -0.108227E+04    0.000000E+00
    0.000000E+00    0.000000E+00    0.000000E+00    0.000000E+00    0.000000E+00    0.000000E+00
    0.162344E+04    0.117529E+02    0.117529E+02    0.117529E+02    0.900000E+02    0.900000E+02
    0.900000E+02    0.117130E+07    0.818709E+06
      512.000000
        1.000000
   -0.703721E+03    0.000000E+00    0.000000E+00    0.000000E+00    0.000000E+00    0.000000E+00
    0.000000E+00   -0.703721E+03    0.000000E+00    0.000000E+00    0.000000E+00    0.000000E+00
    0.000000E+00    0.000000E+00    0.000000E+00    0.000000E+00    0.000000E+00    0.000000E+00
    0.000000E+00    0.000000E+00    0.000000E+00
     22000
   -0.108080E+04   -0.903362E+03    0.000000E+00    0.000000E+00   -0.108080E+04    0.000000E+00
    0.000000E+00    0.000000E+00    0.000000E+00    0.000000E+00    0.000000E+00    0.000000E+00
    0.162344E+04    0.117529E+02    0.117529E+02    0.117529E+02    0.900000E+02    0.900000E+02
    0.900000E+02    0.116814E+07    0.816063E+06
      512.000000
        1.000000
   -0.703721E+03    0.000000E+00    0.000000E+00    0.000000E+00    0.000000E+00    0.000000E+00
    0.000000E+00   -0.703721E+03    0.000000E+00    0.000000E+00    0.000000E+00    0.000000E+00
    0.000000E+00    0.000000E+00    0.000000E+00    0.000000E+00    0.000000E+00    0.000000E+00
    0.000000E+00    0.000000E+00    0.000000E+00
     23000
   -0.110109E+04   -0.923994E+03    0.000000E+00    0.000000E+00   -0.110109E+04    0.000000E+00
    0.000000E+00    0.000000E+00    0.000000E+00    0.000000E+00    0.000000E+00    0.000000E+00
    0.162030E+04    0.117453E+02    0.117453E+02    0.117453E+02    0.900000E+02    0.900000E+02
    0.900000E+02    0.121240E+07    0.853764E+06
      512.000000
        1.000000
   -0.703721E+03    0.000000E+00    0.000000E+00    0.000000E+00    0.000000E+00    0.000000E+00
    0.000000E+00   -0.703721E+03    0.000000E+00    0.000000E+00    0.000000E+00    0.000000E+00
    0.000000E+00    0.000000E+00    0.000000E+00    0.000000E+00    0.000000E+00    0.000000E+00
    0.000000E+00    0.000000E+00    0.000000E+00
     24000
   -0.110642E+04   -0.929381E+03    0.000000E+00    0.000000E+00   -0.110642E+04    0.000000E+00
    0.000000E+00    0.000000E+00    0.000000E+00    0.000000E+00    0.000000E+00    0.000000E+00
    0.161977E+04    0.117440E+02    0.117440E+02    0.117440E+02    0.900000E+02    0.900000E+02
    0.900000E+02    0.122417E+07    0.863749E+06
      512.000000
        1.000000
   -0.703721E+03    0.000000E+00    0.000000E+00    0.000000E+00    0.000000E+00    0.000000E+00
    0.000000E+00   -0.703721E+03    0.000000E+00    0.000000E+00    0.000000E+00    0.000000E+00
    0.000000E+00    0.000000E+00    0.000000E+00    0.000000E+00    0.000000E+00    0.000000E+00
    0.000000E+00    0.000000E+00    0.000000E+00
     25000
   -0.110575E+04   -0.928305E+03    0.000000E+00    0.000000E+00   -0.110575E+04    0.000000E+00
    0.000000E+00    0.000000E+00    0.000000E+00    0.000000E+00    0.000000E+00    0.000000E+00
    0.162350E+04    0.117531E+02    0.117531E+02    0.117531E+02    0.900000E+02    0.900000E+02
    0.900000E+02    0.122269E+07    0.861750E+06
      512.000000
        1.000000
   -0.703721E+03    0.000000E+00    0.000000E+00    0.000000E+00    0.000000E+00    0.000000E+00
    0.000000E+00   -0.703721E+03    0.000000E+00    0.000000E+00    0.000000E+00    0.000000E+00
    0.000000E+00    0.000000E+00    0.000000E+00    0.000000E+00    0.000000E+00    0.000000E+00
    0.000000E+00    0.000000E+00    0.000000E+00
     26000
   -0.109802E+04   -0.920173E+03    0.000000E+00    0.000000E+00   -0.109802E+04    0.000000E+00
    0.000000E+00    0.000000E+00    0.000000E+00    0.000000E+00    0.000000E+00    0.000000E+00
    0.162714E+04    0.117618E+02    0.117618E+02    0.117618E+02    0.900000E+02    0.900000E+02
    0.900000E+02    0.120565E+07    0.846719E+06
      512.000000
        1.000000
   -0.703721E+03    0.000000E+00    0.000000E+00    0.000000E+00    0.000000E+00    0.000000E+00
    0.000000E+00   -0.703721E+03    0.000000E+00    0.000000E+00    0.000000E+00    0.000000E+00
    0.000000E+00    0.000000E+00    0.000000E+00    0.000000E+00    0.000000E+00    0.000000E+00
    0.000000E+00    0.000000E+00    0.000000E+00
     27000
   -0.109236E+04   -0.914666E+03    0.000000E+00    0.000000E+00   -0.109236E+04    0.000000E+00
    0.000000E+00    0.000000E+00    0.000000E+00    0.000000E+00    0.000000E+00    0.000000E+00
    0.162578E+04    0.117586E+02    0.117586E+02    0.117586E+02    0.900000E+02    0.900000E+02
    0.900000E+02    0.119326E+07    0.836614E+06
      512.000000
        1.000000
   -0.703721E+03    0.000000E+00    0.000000E+00    0.000000E+00    0.000000E+00    0.000000E+00
    0.000000E+00   -0.703721E+03    0.000000E+00    0.000000E+00    0.000000E+00    0.000000E+00
    0.000000E+00    0.000000E+00    0.000000E+00    0.000000E+00    0.000000E+00    0.000000E+00
    0.000000E+00    0.000000E+00    0.000000E+00
     28000
   -0.108439E+04   -0.906920E+03    0.000000E+00    0.000000E+00   -0.108439E+04    0.000000E+00
    0.000000E+00    0.000000E+00    0.000000E+00    0.000000E+00    0.000000E+00    0.000000E+00
    0.162373E+04    0.117536E+02    0.117536E+02    0.117536E+02    0.900000E+02    0.900000E+02
    0.900000E+02    0.117591E+07    0.822504E+06
      512.000000
        1.000000
   -0.703721E+03    0.000000E+00    0.000000E+00    0.000000E+00    0.000000E+00    0.000000E+00
    0.000000E+00   -0.703721E+03    0.000000E+00    0.000000E+00    0.000000E+00    0.000000E+00
    0.000000E+00    0.000000E+00    0.000000E+00    0.000000E+00    0.000000E+00    0.000000E+00
    0.000000E+00    0.000000E+00    0.000000E+00
     29000
   -0.108010E+04   -0.902222E+03    0.000000E+00    0.000000E+00   -0.108010E+04    0.000000E+00
    0.000000E+00    0.000000E+00    0.000000E+00    0.000000E+00    0.000000E+00    0.000000E+00
    0.162747E+04    0.117626E+02    0.117626E+02    0.117626E+02    0.900000E+02    0.900000E+02
    0.900000E+02    0.116663E+07    0.814004E+06
      512.000000
        1.000000
   -0.703721E+03    0.000000E+00    0.000000E+00    0.000000E+00    0.000000E+00    0.000000E+00
    0.000000E+00   -0.703721E+03    0.000000E+00    0.000000E+00    0.000000E+00    0.000000E+00
    0.000000E+00    0.000000E+00    0.000000E+00    0.000000E+00    0.000000E+00    0.000000E+00
    0.000000E+00    0.000000E+00    0.000000E+00
     30000
   -0.105631E+04   -0.878901E+03    0.000000E+00    0.000000E+00   -0.105631E+04    0.000000E+00
    0.000000E+00    0.000000E+00    0.000000E+00    0.000000E+00    0.000000E+00    0.000000E+00
    0.162313E+04    0.117522E+02    0.117522E+02    0.117522E+02    0.900000E+02    0.900000E+02
    0.900000E+02    0.111579E+07    0.772467E+06
      512.000000
        1.000000
   -0.703721E+03    0.000000E+00    0.000000E+00    0.000000E+00    0.000000E+00    0.000000E+00
    0.000000E+00   -0.703721E+03    0.000000E+00    0.000000E+00    0.000000E+00    0.000000E+00
    0.000000E+00    0.000000E+00    0.000000E+00    0.000000E+00    0.000000E+00    0.000000E+00
    0.000000E+00    0.000000E+00    0.000000E+00
     31000
   -0.107450E+04   -0.897354E+03    0.000000E+00    0.000000E+00   -0.107450E+04    0.000000E+00
    0.000000E+00    0.000000E+00    0.000000E+00    0.000000E+00    0.000000E+00    0.000000E+00
    0.162069E+04    0.117463E+02    0.117463E+02    0.117463E+02    0.900000E+02    0.900000E+02
    0.900000E+02    0.115454E+07    0.805243E+06
      512.000000
        1.000000
   -0.703721E+03    0.000000E+00    0.000000E+00    0.000000E+00    0.000000E+00    0.000000E+00
    0.000000E+00   -0.703721E+03    0.000000E+00    0.000000E+00    0.000000E+00    0.000000E+00
    0.000000E+00    0.000000E+00    0.000000E+00    0.000000E+00    0.000000E+00    0.000000E+00
    0.000000E+00    0.000000E+00    0.000000E+00
     32000
   -0.108027E+04   -0.903126E+03    0.000000E+00    0.000000E+00   -0.108027E+04    0.000000E+00
    0.000000E+00    0.000000E+00    0.000000E+00    0.000000E+00    0.000000E+00    0.000000E+00
    0.162069E+04    0.117463E+02    0.117463E+02    0.117463E+02    0.900000E+02    0.900000E+02
    0.900000E+02    0.116698E+07    0.815636E+06
      512.000000
        1.000000
   -0.703721E+03    0.000000E+00    0.000000E+00    0.000000E+00    0.000000E+00    0.000000E+00
    0.000000E+00   -0.703721E+03    0.000000E+00    0.000000E+00    0.000000E+00    0.000000E+00
    0.000000E+00    0.000000E+00    0.000000E+00    0.000000E+00    0.000000E+00    0.000000E+00
    0.000000E+00    0.000000E+00    0.000000E+00
     33000
   -0.105687E+04   -0.879732E+03    0.000000E+00    0.000000E+00   -0.105687E+04    0.000000E+00
    0.000000E+00    0.000000E+00    0.000000E+00    0.000000E+00    0.000000E+00    0.000000E+00
    0.162069E+04    0.117463E+02    0.117463E+02    0.117463E+02    0.900000E+02    0.900000E+02
    0.900000E+02    0.111698E+07    0.773928E+06
      512.000000
        1.000000
   -0.703721E+03    0.000000E+00    0.000000E+00    0.000000E+00    0.000000E+00    0.000000E+00
    0.000000E+00   -0.703721E+03    0.000000E+00    0.000000E+00    0.000000E+00    0.000000E+00
    0.000000E+00    0.000000E+00    0.000000E+00    0.000000E+00    0.000000E+00    0.000000E+00
    0.000000E+00    0.000000E+00    0.000000E+00
     34000
   -0.106205E+04   -0.884780E+03    0.000000E+00    0.000000E+00   -0.106205E+04    0.000000E+00
    0.000000E+00    0.000000E+00    0.000000E+00    0.000000E+00    0.000000E+00    0.000000E+00
    0.162190E+04    0.117492E+02    0.117492E+02    0.117492E+02    0.900000E+02    0.900000E+02
    0.900000E+02    0.112796E+07    0.782836E+06
      512.000000
        1.000000
   -0.703721E+03    0.000000E+00    0.000000E+00    0.000000E+00    0.000000E+00    0.000000E+00
    0.000000E+00   -0.703721E+03    0.000000E+00    0.000000E+00    0.000000E+00    0.000000E+00
    0.000000E+00    0.000000E+00    0.000000E+00    0.000000E+00    0.000000E+00    0.000000E+00
    0.000000E+00    0.000000E+00    0.000000E+00
     35000
   -0.108740E+04   -0.909233E+03    0.000000E+00    0.000000E+00   -0.108740E+04    0.000000E+00
    0.000000E+00    0.000000E+00    0.000000E+00    0.000000E+00    0.000000E+00    0.000000E+00
    0.163006E+04    0.117689E+02    0.117689E+02    0.117689E+02    0.900000E+02    0.900000E+02
    0.900000E+02    0.118243E+07    0.826704E+06
      512.000000
        1.000000
   -0.703721E+03    0.000000E+00    0.000000E+00    0.000000E+00    0.000000E+00    0.000000E+00
    0.000000E+00   -0.703721E+03    0.000000E+00    0.000000E+00    0.000000E+00    0.000000E+00
    0.000000E+00    0.000000E+00    0.000000E+00    0.000000E+00    0.000000E+00    0.000000E+00
    0.000000E+00    0.000000E+00    0.000000E+00
     36000
   -0.111160E+04   -0.934073E+03    0.000000E+00    0.000000E+00   -0.111160E+04    0.000000E+00
    0.000000E+00    0.000000E+00    0.000000E+00    0.000000E+00    0.000000E+00    0.000000E+00
    0.162417E+04    0.117547E+02    0.117547E+02    0.117547E+02    0.900000E+02    0.900000E+02
    0.900000E+02    0.123565E+07    0.872493E+06
      512.000000
        1.000000
   -0.703721E+03    0.000000E+00    0.000000E+00    0.000000E+00    0.000000E+00    0.000000E+00
    0.000000E+00   -0.703721E+03    0.000000E+00    0.000000E+00    0.000000E+00    0.000000E+00
    0.000000E+00    0.000000E+00    0.000000E+00    0.000000E+00    0.000000E+00    0.000000E+00
    0.000000E+00    0.000000E+00    0.000000E+00
     37000
   -0.110031E+04   -0.923755E+03    0.000000E+00    0.000000E+00   -0.110031E+04    0.000000E+00
    0.000000E+00    0.000000E+00    0.000000E+00    0.000000E+00    0.000000E+00    0.000000E+00
    0.161530E+04    0.117332E+02    0.117332E+02    0.117332E+02    0.900000E+02    0.900000E+02
    0.900000E+02    0.121068E+07    0.853324E+06
      512.000000
        1.000000
   -0.703721E+03    0.000000E+00    0.000000E+00    0.000000E+00    0.000000E+00    0.000000E+00
    0.000000E+00   -0.703721E+03    0.000000E+00    0.000000E+00    0.000000E+00    0.000000E+00
    0.000000E+00    0.000000E+00    0.000000E+00    0.000000E+00    0.000000E+00    0.000000E+00
    0.000000E+00    0.000000E+00    0.000000E+00
     38000
   -0.108899E+04   -0.913817E+03    0.000000E+00    0.000000E+00   -0.108899E+04    0.000000E+00
    0.000000E+00    0.000000E+00    0.000000E+00    0.000000E+00    0.000000E+00    0.000000E+00
    0.160268E+04    0.117026E+02    0.117026E+02    0.117026E+02    0.900000E+02    0.900000E+02
    0.900000E+02    0.118590E+07    0.835062E+06
      512.000000
        1.000000
   -0.703721E+03    0.000000E+00    0.000000E+00    0.000000E+00    0.000000E+00    0.000000E+00
    0.000000E+00   -0.703721E+03    0.000000E+00    0.000000E+00    0.000000E+00    0.000000E+00
    0.000000E+00    0.000000E+00    0.000000E+00    0.000000E+00    0.000000E+00    0.000000E+00
    0.000000E+00    0.000000E+00    0.000000E+00
     39000
   -0.109470E+04   -0.919525E+03    0.000000E+00    0.000000E+00   -0.109470E+04    0.000000E+00
    0.000000E+00    0.000000E+00    0.000000E+00    0.000000E+00    0.000000E+00    0.000000E+00
    0.160268E+04    0.117026E+02    0.117026E+02    0.117026E+02    0.900000E+02    0.900000E+02
    0.900000E+02    0.119836E+07    0.845527E+06
      512.000000
        1.000000
   -0.703721E+03    0.000000E+00    0.000000E+00    0.000000E+00    0.000000E+00    0.000000E+00
    0.000000E+00   -0.703721E+03    0.000000E+00    0.000000E+00    0.000000E+00    0.000000E+00
    0.000000E+00    0.000000E+00    0.000000E+00    0.000000E+00    0.000000E+00    0.000000E+00
    0.000000E+00    0.000000E+00    0.000000E+00
     40000
   -0.110206E+04   -0.928301E+03    0.000000E+00    0.000000E+00   -0.110206E+04    0.000000E+00
    0.000000E+00    0.000000E+00    0.000000E+00    0.000000E+00    0.000000E+00    0.000000E+00
    0.158977E+04    0.116711E+02    0.116711E+02    0.116711E+02    0.900000E+02    0.900000E+02
    0.900000E+02    0.121454E+07    0.861743E+06
      512.000000
        1.000000
   -0.703721E+03    0.000000E+00    0.000000E+00    0.000000E+00    0.000000E+00    0.000000E+00
    0.000000E+00   -0.703721E+03    0.000000E+00    0.000000E+00    0.000000E+00    0.000000E+00
    0.000000E+00    0.000000E+00    0.000000E+00    0.000000E+00    0.000000E+00    0.000000E+00
    0.000000E+00    0.000000E+00    0.000000E+00
     41000
   -0.110490E+04   -0.930492E+03    0.000000E+00    0.000000E+00   -0.110490E+04    0.000000E+00
    0.000000E+00    0.000000E+00    0.000000E+00    0.000000E+00    0.000000E+00    0.000000E+00
    0.159572E+04    0.116856E+02    0.116856E+02    0.116856E+02    0.900000E+02    0.900000E+02
    0.900000E+02    0.122081E+07    0.865815E+06
      512.000000
        1.000000
   -0.703721E+03    0.000000E+00    0.000000E+00    0.000000E+00    0.000000E+00    0.000000E+00
    0.000000E+00   -0.703721E+03    0.000000E+00    0.000000E+00    0.000000E+00    0.000000E+00
    0.000000E+00    0.000000E+00    0.000000E+00    0.000000E+00    0.000000E+00    0.000000E+00
    0.000000E+00    0.000000E+00    0.000000E+00
     42000
   -0.110559E+04   -0.931173E+03    0.000000E+00    0.000000E+00   -0.110559E+04    0.000000E+00
    0.000000E+00    0.000000E+00    0.000000E+00    0.000000E+00    0.000000E+00    0.000000E+00
    0.159572E+04    0.116856E+02    0.116856E+02    0.116856E+02    0.900000E+02    0.900000E+02
    0.900000E+02    0.122232E+07    0.867084E+06
      512.000000
        1.000000
   -0.703721E+03    0.000000E+00    0.000000E+00    0.000000E+00    0.000000E+00    0.000000E+00
    0.000000E+00   -0.703721E+03    0.000000E+00    0.000000E+00    0.000000E+00    0.000000E+00
    0.000000E+00    0.000000E+00    0.000000E+00    0.000000E+00    0.000000E+00    0.000000E+00
    0.000000E+00    0.000000E+00    0.000000E+00
     43000
   -0.111497E+04   -0.938955E+03    0.000000E+00    0.000000E+00   -0.111497E+04    0.000000E+00
    0.000000E+00    0.000000E+00    0.000000E+00    0.000000E+00    0.000000E+00    0.000000E+00
    0.161043E+04    0.117214E+02    0.117214E+02    0.117214E+02    0.900000E+02    0.900000E+02
    0.900000E+02    0.124317E+07    0.881636E+06
      512.000000
        1.000000
   -0.703721E+03    0.000000E+00    0.000000E+00    0.000000E+00    0.000000E+00    0.000000E+00
    0.000000E+00   -0.703721E+03    0.000000E+00    0.000000E+00    0.000000E+00    0.000000E+00
    0.000000E+00    0.000000E+00    0.000000E+00    0.000000E+00    0.000000E+00    0.000000E+00
    0.000000E+00    0.000000E+00    0.000000E+00
     44000
   -0.113969E+04   -0.963955E+03    0.000000E+00    0.000000E+00   -0.113969E+04    0.000000E+00
    0.000000E+00    0.000000E+00    0.000000E+00    0.000000E+00    0.000000E+00    0.000000E+00
    0.160781E+04    0.117151E+02    0.117151E+02    0.117151E+02    0.900000E+02    0.900000E+02
    0.900000E+02    0.129889E+07    0.929210E+06
      512.000000
        1.000000
   -0.703721E+03    0.000000E+00    0.000000E+00    0.000000E+00    0.000000E+00    0.000000E+00
    0.000000E+00   -0.703721E+03    0.000000E+00    0.000000E+00    0.000000E+00    0.000000E+00
    0.000000E+00    0.000000E+00    0.000000E+00    0.000000E+00    0.000000E+00    0.000000E+00
    0.000000E+00    0.000000E+00    0.000000E+00
     45000
   -0.113446E+04   -0.958128E+03    0.000000E+00    0.000000E+00   -0.113446E+04    0.000000E+00
    0.000000E+00    0.000000E+00    0.000000E+00    0.000000E+00    0.000000E+00    0.000000E+00
    0.161327E+04    0.117283E+02    0.117283E+02    0.117283E+02    0.900000E+02    0.900000E+02
    0.900000E+02    0.128700E+07    0.918009E+06
      512.000000
        1.000000
   -0.703721E+03    0.000000E+00    0.000000E+00    0.000000E+00    0.000000E+00    0.000000E+00
    0.000000E+00   -0.703721E+03    0.000000E+00    0.000000E+00    0.000000E+00    0.000000E+00
    0.000000E+00    0.000000E+00    0.000000E+00    0.000000E+00    0.000000E+00    0.000000E+00
    0.000000E+00    0.000000E+00    0.000000E+00
     46000
   -0.110694E+04   -0.930757E+03    0.000000E+00    0.000000E+00   -0.110694E+04    0.000000E+00
    0.000000E+00    0.000000E+00    0.000000E+00    0.000000E+00    0.000000E+00    0.000000E+00
    0.161191E+04    0.117250E+02    0.117250E+02    0.117250E+02    0.900000E+02    0.900000E+02
    0.900000E+02    0.122531E+07    0.866308E+06
      512.000000
        1.000000
   -0.703721E+03    0.000000E+00    0.000000E+00    0.000000E+00    0.000000E+00    0.000000E+00
    0.000000E+00   -0.703721E+03    0.000000E+00    0.000000E+00    0.000000E+00    0.000000E+00
    0.000000E+00    0.000000E+00    0.000000E+00    0.000000E+00    0.000000E+00    0.000000E+00
    0.000000E+00    0.000000E+00    0.000000E+00
     47000
   -0.110065E+04   -0.923480E+03    0.000000E+00    0.000000E+00   -0.110065E+04    0.000000E+00
    0.000000E+00    0.000000E+00    0.000000E+00    0.000000E+00    0.000000E+00    0.000000E+00
    0.162096E+04    0.117469E+02    0.117469E+02    0.117469E+02    0.900000E+02    0.900000E+02
    0.900000E+02    0.121143E+07    0.852815E+06
      512.000000
        1.000000
   -0.703721E+03    0.000000E+00    0.000000E+00    0.000000E+00    0.000000E+00    0.000000E+00
    0.000000E+00   -0.703721E+03    0.000000E+00    0.000000E+00    0.000000E+00    0.000000E+00
    0.000000E+00    0.000000E+00    0.000000E+00    0.000000E+00    0.000000E+00    0.000000E+00
    0.000000E+00    0.000000E+00    0.000000E+00
     48000
   -0.110870E+04   -0.931533E+03    0.000000E+00    0.000000E+00   -0.110870E+04    0.000000E+00
    0.000000E+00    0.000000E+00    0.000000E+00    0.000000E+00    0.000000E+00    0.000000E+00
    0.162096E+04    0.117469E+02    0.117469E+02    0.117469E+02    0.900000E+02    0.900000E+02
    0.900000E+02    0.122922E+07    0.867753E+06
      512.000000
        1.000000
   -0.703721E+03    0.000000E+00    0.000000E+00    0.000000E+00    0.000000E+00    0.000000E+00
    0.000000E+00   -0.703721E+03    0.000000E+00    0.000000E+00    0.000000E+00    0.000000E+00
    0.000000E+00    0.000000E+00    0.000000E+00    0.000000E+00    0.000000E+00    0.000000E+00
    0.000000E+00    0.000000E+00    0.000000E+00
     49000
   -0.110414E+04   -0.927231E+03    0.000000E+00    0.000000E+00   -0.110414E+04    0.000000E+00
    0.000000E+00    0.000000E+00    0.000000E+00    0.000000E+00    0.000000E+00    0.000000E+00
    0.161852E+04    0.117410E+02    0.117410E+02    0.117410E+02    0.900000E+02    0.900000E+02
    0.900000E+02    0.121912E+07    0.859758E+06
      512.000000
        1.000000
   -0.703721E+03    0.000000E+00    0.000000E+00    0.000000E+00    0.000000E+00    0.000000E+00
    0.000000E+00   -0.703721E+03    0.000000E+00    0.000000E+00    0.000000E+00    0.000000E+00
    0.000000E+00    0.000000E+00    0.000000E+00    0.000000E+00    0.000000E+00    0.000000E+00
    0.000000E+00    0.000000E+00    0.000000E+00
     50000
   -0.111475E+04   -0.936672E+03    0.000000E+00    0.000000E+00   -0.111475E+04    0.000000E+00
    0.000000E+00    0.000000E+00    0.000000E+00    0.000000E+00    0.000000E+00    0.000000E+00
    0.162923E+04    0.117669E+02    0.117669E+02    0.117669E+02    0.900000E+02    0.900000E+02
    0.900000E+02    0.124266E+07    0.877354E+06
      512.000000
        1.000000
   -0.703721E+03    0.000000E+00    0.000000E+00    0.000000E+00    0.000000E+00    0.000000E+00
    0.000000E+00   -0.703721E+03    0.000000E+00    0.000000E+00    0.000000E+00    0.000000E+00
    0.000000E+00    0.000000E+00    0.000000E+00    0.000000E+00    0.000000E+00    0.000000E+00
    0.000000E+00    0.000000E+00    0.000000E+00
     51000
   -0.112087E+04   -0.943022E+03    0.000000E+00    0.000000E+00   -0.112087E+04    0.000000E+00
    0.000000E+00    0.000000E+00    0.000000E+00    0.000000E+00    0.000000E+00    0.000000E+00
    0.162715E+04    0.117618E+02    0.117618E+02    0.117618E+02    0.900000E+02    0.900000E+02
    0.900000E+02    0.125635E+07    0.889290E+06
      512.000000
        1.000000
   -0.703721E+03    0.000000E+00    0.000000E+00    0.000000E+00    0.000000E+00    0.000000E+00
    0.000000E+00   -0.703721E+03    0.000000E+00    0.000000E+00    0.000000E+00    0.000000E+00
    0.000000E+00    0.000000E+00    0.000000E+00    0.000000E+00    0.000000E+00    0.000000E+00
    0.000000E+00    0.000000E+00    0.000000E+00
     52000
   -0.110239E+04   -0.922859E+03    0.000000E+00    0.000000E+00   -0.110239E+04    0.000000E+00
    0.000000E+00    0.000000E+00    0.000000E+00    0.000000E+00    0.000000E+00    0.000000E+00
    0.164257E+04    0.117989E+02    0.117989E+02    0.117989E+02    0.900000E+02    0.900000E+02
    0.900000E+02    0.121527E+07    0.851670E+06
      512.000000
        1.000000
   -0.703721E+03    0.000000E+00    0.000000E+00    0.000000E+00    0.000000E+00    0.000000E+00
    0.000000E+00   -0.703721E+03    0.000000E+00    0.000000E+00    0.000000E+00    0.000000E+00
    0.000000E+00    0.000000E+00    0.000000E+00    0.000000E+00    0.000000E+00    0.000000E+00
    0.000000E+00    0.000000E+00    0.000000E+00
     53000
   -0.110336E+04   -0.923829E+03    0.000000E+00    0.000000E+00   -0.110336E+04    0.000000E+00
    0.000000E+00    0.000000E+00    0.000000E+00    0.000000E+00    0.000000E+00    0.000000E+00
    0.164257E+04    0.117989E+02    0.117989E+02    0.117989E+02    0.900000E+02    0.900000E+02
    0.900000E+02    0.121741E+07    0.853460E+06
      512.000000
        1.000000
   -0.703721E+03    0.000000E+00    0.000000E+00    0.000000E+00    0.000000E+00    0.000000E+00
    0.000000E+00   -0.703721E+03    0.000000E+00    0.000000E+00    0.000000E+00    0.000000E+00
    0.000000E+00    0.000000E+00    0.000000E+00    0.000000E+00    0.000000E+00    0.000000E+00
    0.000000E+00    0.000000E+00    0.000000E+00
     54000
   -0.108903E+04   -0.909748E+03    0.000000E+00    0.000000E+00   -0.108903E+04    0.000000E+00
    0.000000E+00    0.000000E+00    0.000000E+00    0.000000E+00    0.000000E+00    0.000000E+00
    0.164028E+04    0.117934E+02    0.117934E+02    0.117934E+02    0.900000E+02    0.900000E+02
    0.900000E+02    0.118599E+07    0.827642E+06
      512.000000
        1.000000
   -0.703721E+03    0.000000E+00    0.000000E+00    0.000000E+00    0.000000E+00    0.000000E+00
    0.000000E+00   -0.703721E+03    0.000000E+00    0.000000E+00    0.000000E+00    0.000000E+00
    0.000000E+00    0.000000E+00    0.000000E+00    0.000000E+00    0.000000E+00    0.000000E+00
    0.000000E+00    0.000000E+00    0.000000E+00
     55000
   -0.108982E+04   -0.912530E+03    0.000000E+00    0.000000E+00   -0.108982E+04    0.000000E+00
    0.000000E+00    0.000000E+00    0.000000E+00    0.000000E+00    0.000000E+00    0.000000E+00
    0.162208E+04    0.117496E+02    0.117496E+02    0.117496E+02    0.900000E+02    0.900000E+02
    0.900000E+02    0.118771E+07    0.832711E+06
      512.000000
        1.000000
   -0.703721E+03    0.000000E+00    0.000000E+00    0.000000E+00    0.000000E+00    0.000000E+00
    0.000000E+00   -0.703721E+03    0.000000E+00    0.000000E+00    0.000000E+00    0.000000E+00
    0.000000E+00    0.000000E+00    0.000000E+00    0.000000E+00    0.000000E+00    0.000000E+00
    0.000000E+00    0.000000E+00    0.000000E+00
     56000
   -0.110949E+04   -0.933026E+03    0.000000E+00    0.000000E+00   -0.110949E+04    0.000000E+00
    0.000000E+00    0.000000E+00    0.000000E+00    0.000000E+00    0.000000E+00    0.000000E+00
    0.161451E+04    0.117313E+02    0.117313E+02    0.117313E+02    0.900000E+02    0.900000E+02
    0.900000E+02    0.123097E+07    0.870538E+06
      512.000000
        1.000000
   -0.703721E+03    0.000000E+00    0.000000E+00    0.000000E+00    0.000000E+00    0.000000E+00
    0.000000E+00   -0.703721E+03    0.000000E+00    0.000000E+00    0.000000E+00    0.000000E+00
    0.000000E+00    0.000000E+00    0.000000E+00    0.000000E+00    0.000000E+00    0.000000E+00
    0.000000E+00    0.000000E+00    0.000000E+00
     57000
   -0.110439E+04   -0.927328E+03    0.000000E+00    0.000000E+00   -0.110439E+04    0.000000E+00
    0.000000E+00    0.000000E+00    0.000000E+00    0.000000E+00    0.000000E+00    0.000000E+00
    0.161995E+04    0.117445E+02    0.117445E+02    0.117445E+02    0.900000E+02    0.900000E+02
    0.900000E+02    0.121967E+07    0.859937E+06
      512.000000
        1.000000
   -0.703721E+03    0.000000E+00    0.000000E+00    0.000000E+00    0.000000E+00    0.000000E+00
    0.000000E+00   -0.703721E+03    0.000000E+00    0.000000E+00    0.000000E+00    0.000000E+00
    0.000000E+00    0.000000E+00    0.000000E+00    0.000000E+00    0.000000E+00    0.000000E+00
    0.000000E+00    0.000000E+00    0.000000E+00
     58000
   -0.111560E+04   -0.938544E+03    0.000000E+00    0.000000E+00   -0.111560E+04    0.000000E+00
    0.000000E+00    0.000000E+00    0.000000E+00    0.000000E+00    0.000000E+00    0.000000E+00
    0.161995E+04    0.117445E+02    0.117445E+02    0.117445E+02    0.900000E+02    0.900000E+02
    0.900000E+02    0.124457E+07    0.880865E+06
      512.000000
        1.000000
   -0.703721E+03    0.000000E+00    0.000000E+00    0.000000E+00    0.000000E+00    0.000000E+00
    0.000000E+00   -0.703721E+03    0.000000E+00    0.000000E+00    0.000000E+00    0.000000E+00
    0.000000E+00    0.000000E+00    0.000000E+00    0.000000E+00    0.000000E+00    0.000000E+00
    0.000000E+00    0.000000E+00    0.000000E+00
     59000
   -0.115148E+04   -0.974755E+03    0.000000E+00    0.000000E+00   -0.115148E+04    0.000000E+00
    0.000000E+00    0.000000E+00    0.000000E+00    0.000000E+00    0.000000E+00    0.000000E+00
    0.161692E+04    0.117372E+02    0.117372E+02    0.117372E+02    0.900000E+02    0.900000E+02
    0.900000E+02    0.132592E+07    0.950148E+06
      512.000000
        1.000000
   -0.703721E+03    0.000000E+00    0.000000E+00    0.000000E+00    0.000000E+00    0.000000E+00
    0.000000E+00   -0.703721E+03    0.000000E+00    0.000000E+00    0.000000E+00    0.000000E+00
    0.000000E+00    0.000000E+00    0.000000E+00    0.000000E+00    0.000000E+00    0.000000E+00
    0.000000E+00    0.000000E+00    0.000000E+00
     60000
   -0.114979E+04   -0.974476E+03    0.000000E+00    0.000000E+00   -0.114979E+04    0.000000E+00
    0.000000E+00    0.000000E+00    0.000000E+00    0.000000E+00    0.000000E+00    0.000000E+00
    0.160397E+04    0.117057E+02    0.117057E+02    0.117057E+02    0.900000E+02    0.900000E+02
    0.900000E+02    0.132202E+07    0.949604E+06
      512.000000
        1.000000
   -0.703721E+03    0.000000E+00    0.000000E+00    0.000000E+00    0.000000E+00    0.000000E+00
    0.000000E+00   -0.703721E+03    0.000000E+00    0.000000E+00    0.000000E+00    0.000000E+00
    0.000000E+00    0.000000E+00    0.000000E+00    0.000000E+00    0.000000E+00    0.000000E+00
    0.000000E+00    0.000000E+00    0.000000E+00
     61000
   -0.112719E+04   -0.954262E+03    0.000000E+00    0.000000E+00   -0.112719E+04    0.000000E+00
    0.000000E+00    0.000000E+00    0.000000E+00    0.000000E+00    0.000000E+00    0.000000E+00
    0.158219E+04    0.116525E+02    0.116525E+02    0.116525E+02    0.900000E+02    0.900000E+02
    0.900000E+02    0.127057E+07    0.910616E+06
      512.000000
        1.000000
   -0.703721E+03    0.000000E+00    0.000000E+00    0.000000E+00    0.000000E+00    0.000000E+00
    0.000000E+00   -0.703721E+03    0.000000E+00    0.000000E+00    0.000000E+00    0.000000E+00
    0.000000E+00    0.000000E+00    0.000000E+00    0.000000E+00    0.000000E+00    0.000000E+00
    0.000000E+00    0.000000E+00    0.000000E+00
     62000
   -0.114192E+04   -0.968041E+03    0.000000E+00    0.000000E+00   -0.114192E+04    0.000000E+00
    0.000000E+00    0.000000E+00    0.000000E+00    0.000000E+00    0.000000E+00    0.000000E+00
    0.159085E+04    0.116737E+02    0.116737E+02    0.116737E+02    0.900000E+02    0.900000E+02
    0.900000E+02    0.130398E+07    0.937104E+06
      512.000000
        1.000000
   -0.703721E+03    0.000000E+00    0.000000E+00    0.000000E+00    0.000000E+00    0.000000E+00
    0.000000E+00   -0.703721E+03    0.000000E+00    0.000000E+00    0.000000E+00    0.000000E+00
    0.000000E+00    0.000000E+00    0.000000E+00    0.000000E+00    0.000000E+00    0.000000E+00
    0.000000E+00    0.000000E+00    0.000000E+00
     63000
   -0.113118E+04   -0.957298E+03    0.000000E+00    0.000000E+00   -0.113118E+04    0.000000E+00
    0.000000E+00    0.000000E+00    0.000000E+00    0.000000E+00    0.000000E+00    0.000000E+00
    0.159085E+04    0.116737E+02    0.116737E+02    0.116737E+02    0.900000E+02    0.900000E+02
    0.900000E+02    0.127956E+07    0.916419E+06
      512.000000
        1.000000
   -0.703721E+03    0.000000E+00    0.000000E+00    0.000000E+00    0.000000E+00    0.000000E+00
    0.000000E+00   -0.703721E+03    0.000000E+00    0.000000E+00    0.000000E+00    0.000000E+00
    0.000000E+00    0.000000E+00    0.000000E+00    0.000000E+00    0.000000E+00    0.000000E+00
    0.000000E+00    0.000000E+00    0.000000E+00
     64000
   -0.111385E+04   -0.939593E+03    0.000000E+00    0.000000E+00   -0.111385E+04    0.000000E+00
    0.000000E+00    0.000000E+00    0.000000E+00    0.000000E+00    0.000000E+00    0.000000E+00
    0.159429E+04    0.116821E+02    0.116821E+02    0.116821E+02    0.900000E+02    0.900000E+02
    0.900000E+02    0.124066E+07    0.882834E+06
      512.000000
        1.000000
   -0.703721E+03    0.000000E+00    0.000000E+00    0.000000E+00    0.000000E+00    0.000000E+00
    0.000000E+00   -0.703721E+03    0.000000E+00    0.000000E+00    0.000000E+00    0.000000E+00
    0.000000E+00    0.000000E+00    0.000000E+00    0.000000E+00    0.000000E+00    0.000000E+00
    0.000000E+00    0.000000E+00    0.000000E+00
     65000
   -0.111249E+04   -0.937150E+03    0.000000E+00    0.000000E+00   -0.111249E+04    0.000000E+00
    0.000000E+00    0.000000E+00    0.000000E+00    0.000000E+00    0.000000E+00    0.000000E+00
    0.160418E+04    0.117063E+02    0.117063E+02    0.117063E+02    0.900000E+02    0.900000E+02
    0.900000E+02    0.123763E+07    0.878250E+06
      512.000000
        1.000000
   -0.703721E+03    0.000000E+00    0.000000E+00    0.000000E+00    0.000000E+00    0.000000E+00
    0.000000E+00   -0.703721E+03    0.000000E+00    0.000000E+00    0.000000E+00    0.000000E+00
    0.000000E+00    0.000000E+00    0.000000E+00    0.000000E+00    0.000000E+00    0.000000E+00
    0.000000E+00    0.000000E+00    0.000000E+00
     66000
   -0.111294E+04   -0.938843E+03    0.000000E+00    0.000000E+00   -0.111294E+04    0.000000E+00
    0.000000E+00    0.000000E+00    0.000000E+00    0.000000E+00    0.000000E+00    0.000000E+00
    0.159284E+04    0.116786E+02    0.116786E+02    0.116786E+02    0.900000E+02    0.900000E+02
    0.900000E+02    0.123864E+07    0.881426E+06
      512.000000
        1.000000
   -0.703721E+03    0.000000E+00    0.000000E+00    0.000000E+00    0.000000E+00    0.000000E+00
    0.000000E+00   -0.703721E+03    0.000000E+00    0.000000E+00    0.000000E+00    0.000000E+00
    0.000000E+00    0.000000E+00    0.000000E+00    0.000000E+00    0.000000E+00    0.000000E+00
    0.000000E+00    0.000000E+00    0.000000E+00
     67000
   -0.112172E+04   -0.947626E+03    0.000000E+00    0.000000E+00   -0.112172E+04    0.000000E+00
    0.000000E+00    0.000000E+00    0.000000E+00    0.000000E+00    0.000000E+00    0.000000E+00
    0.159284E+04    0.116786E+02    0.116786E+02    0.116786E+02    0.900000E+02    0.900000E+02
    0.900000E+02    0.125826E+07    0.897995E+06
      512.000000
        1.000000
   -0.703721E+03    0.000000E+00    0.000000E+00    0.000000E+00    0.000000E+00    0.000000E+00
    0.000000E+00   -0.703721E+03    0.000000E+00    0.000000E+00    0.000000E+00    0.000000E+00
    0.000000E+00    0.000000E+00    0.000000E+00    0.000000E+00    0.000000E+00    0.000000E+00
    0.000000E+00    0.000000E+00    0.000000E+00
     68000
   -0.113172E+04   -0.959564E+03    0.000000E+00    0.000000E+00   -0.113172E+04    0.000000E+00
    0.000000E+00    0.000000E+00    0.000000E+00    0.000000E+00    0.000000E+00    0.000000E+00
    0.157504E+04    0.116349E+02    0.116349E+02    0.116349E+02    0.900000E+02    0.900000E+02
    0.900000E+02    0.128078E+07    0.920763E+06
      512.000000
        1.000000
   -0.703721E+03    0.000000E+00    0.000000E+00    0.000000E+00    0.000000E+00    0.000000E+00
    0.000000E+00   -0.703721E+03    0.000000E+00    0.000000E+00    0.000000E+00    0.000000E+00
    0.000000E+00    0.000000E+00    0.000000E+00    0.000000E+00    0.000000E+00    0.000000E+00
    0.000000E+00    0.000000E+00    0.000000E+00
     69000
   -0.113263E+04   -0.962972E+03    0.000000E+00    0.000000E+00   -0.113263E+04    0.000000E+00
    0.000000E+00    0.000000E+00    0.000000E+00    0.000000E+00    0.000000E+00    0.000000E+00
    0.155222E+04    0.115785E+02    0.115785E+02    0.115785E+02    0.900000E+02    0.900000E+02
    0.900000E+02    0.128285E+07    0.927314E+06
      512.000000
        1.000000
   -0.703721E+03    0.000000E+00    0.000000E+00    0.000000E+00    0.000000E+00    0.000000E+00
    0.000000E+00   -0.703721E+03    0.000000E+00    0.000000E+00    0.000000E+00    0.000000E+00
    0.000000E+00    0.000000E+00    0.000000E+00    0.000000E+00    0.000000E+00    0.000000E+00
    0.000000E+00    0.000000E+00    0.000000E+00
     70000
   -0.115915E+04   -0.989497E+03    0.000000E+00    0.000000E+00   -0.115915E+04    0.000000E+00
    0.000000E+00    0.000000E+00    0.000000E+00    0.000000E+00    0.000000E+00    0.000000E+00
    0.155222E+04    0.115785E+02    0.115785E+02    0.115785E+02    0.900000E+02    0.900000E+02
    0.900000E+02    0.134364E+07    0.979103E+06
      512.000000
        1.000000
   -0.703721E+03    0.000000E+00    0.000000E+00    0.000000E+00    0.000000E+00    0.000000E+00
    0.000000E+00   -0.703721E+03    0.000000E+00    0.000000E+00    0.000000E+00    0.000000E+00
    0.000000E+00    0.000000E+00    0.000000E+00    0.000000E+00    0.000000E+00    0.000000E+00
    0.000000E+00    0.000000E+00    0.000000E+00
     71000
   -0.113470E+04   -0.965041E+03    0.000000E+00    0.000000E+00   -0.113470E+04    0.000000E+00
    0.000000E+00    0.000000E+00    0.000000E+00    0.000000E+00    0.000000E+00    0.000000E+00
    0.155222E+04    0.115785E+02    0.115785E+02    0.115785E+02    0.900000E+02    0.900000E+02
    0.900000E+02    0.128754E+07    0.931305E+06
      512.000000
        1.000000
   -0.703721E+03    0.000000E+00    0.000000E+00    0.000000E+00    0.000000E+00    0.000000E+00
    0.000000E+00   -0.703721E+03    0.000000E+00    0.000000E+00    0.000000E+00    0.000000E+00
    0.000000E+00    0.000000E+00    0.000000E+00    0.000000E+00    0.000000E+00    0.000000E+00
    0.000000E+00    0.000000E+00    0.000000E+00
     72000
   -0.115586E+04   -0.988284E+03    0.000000E+00    0.000000E+00   -0.115586E+04    0.000000E+00
    0.000000E+00    0.000000E+00    0.000000E+00    0.000000E+00    0.000000E+00    0.000000E+00
    0.153316E+04    0.115309E+02    0.115309E+02    0.115309E+02    0.900000E+02    0.900000E+02
    0.900000E+02    0.133601E+07    0.976705E+06
      512.000000
        1.000000
   -0.703721E+03    0.000000E+00    0.000000E+00    0.000000E+00    0.000000E+00    0.000000E+00
    0.000000E+00   -0.703721E+03    0.000000E+00    0.000000E+00    0.000000E+00    0.000000E+00
    0.000000E+00    0.000000E+00    0.000000E+00    0.000000E+00    0.000000E+00    0.000000E+00
    0.000000E+00    0.000000E+00    0.000000E+00
     73000
   -0.116321E+04   -0.996058E+03    0.000000E+00    0.000000E+00   -0.116321E+04    0.000000E+00
    0.000000E+00    0.000000E+00    0.000000E+00    0.000000E+00    0.000000E+00    0.000000E+00
    0.152930E+04    0.115212E+02    0.115212E+02    0.115212E+02    0.900000E+02    0.900000E+02
    0.900000E+02    0.135306E+07    0.992132E+06
      512.000000
        1.000000
   -0.703721E+03    0.000000E+00    0.000000E+00    0.000000E+00    0.000000E+00    0.000000E+00
    0.000000E+00   -0.703721E+03    0.000000E+00    0.000000E+00    0.000000E+00    0.000000E+00
    0.000000E+00    0.000000E+00    0.000000E+00    0.000000E+00    0.000000E+00    0.000000E+00
    0.000000E+00    0.000000E+00    0.000000E+00
     74000
   -0.118216E+04   -0.101640E+04    0.000000E+00    0.000000E+00   -0.118216E+04    0.000000E+00
    0.000000E+00    0.000000E+00    0.000000E+00    0.000000E+00    0.000000E+00    0.000000E+00
    0.151662E+04    0.114893E+02    0.114893E+02    0.114893E+02    0.900000E+02    0.900000E+02
    0.900000E+02    0.139751E+07    0.103306E+07
      512.000000
        1.000000
   -0.703721E+03    0.000000E+00    0.000000E+00    0.000000E+00    0.000000E+00    0.000000E+00
    0.000000E+00   -0.703721E+03    0.000000E+00    0.000000E+00    0.000000E+00    0.000000E+00
    0.000000E+00    0.000000E+00    0.000000E+00    0.000000E+00    0.000000E+00    0.000000E+00
    0.000000E+00    0.000000E+00    0.000000E+00
     75000
   -0.119489E+04   -0.102929E+04    0.000000E+00    0.000000E+00   -0.119489E+04    0.000000E+00
    0.000000E+00    0.000000E+00    0.000000E+00    0.000000E+00    0.000000E+00    0.000000E+00
    0.151510E+04    0.114854E+02    0.114854E+02    0.114854E+02    0.900000E+02    0.900000E+02
    0.900000E+02    0.142776E+07    0.105944E+07
      512.000000
        1.000000
   -0.703721E+03    0.000000E+00    0.000000E+00    0.000000E+00    0.000000E+00    0.000000E+00
    0.000000E+00   -0.703721E+03    0.000000E+00    0.000000E+00    0.000000E+00    0.000000E+00
    0.000000E+00    0.000000E+00    0.000000E+00    0.000000E+00    0.000000E+00    0.000000E+00
    0.000000E+00    0.000000E+00    0.000000E+00
     76000
   -0.121408E+04   -0.104935E+04    0.000000E+00    0.000000E+00   -0.121408E+04    0.000000E+00
    0.000000E+00    0.000000E+00    0.000000E+00    0.000000E+00    0.000000E+00    0.000000E+00
    0.150717E+04    0.114654E+02    0.114654E+02    0.114654E+02    0.900000E+02    0.900000E+02
    0.900000E+02    0.147400E+07    0.110114E+07
      512.000000
        1.000000
   -0.703721E+03    0.000000E+00    0.000000E+00    0.000000E+00    0.000000E+00    0.000000E+00
    0.000000E+00   -0.703721E+03    0.000000E+00    0.000000E+00    0.000000E+00    0.000000E+00
    0.000000E+00    0.000000E+00    0.000000E+00    0.000000E+00    0.000000E+00    0.000000E+00
    0.000000E+00    0.000000E+00    0.000000E+00
     77000
   -0.122331E+04   -0.105858E+04    0.000000E+00    0.000000E+00   -0.122331E+04    0.000000E+00
    0.000000E+00    0.000000E+00    0.000000E+00    0.000000E+00    0.000000E+00    0.000000E+00
    0.150717E+04    0.114654E+02    0.114654E+02    0.114654E+02    0.900000E+02    0.900000E+02
    0.900000E+02    0.149650E+07    0.112059E+07
      512.000000
        1.000000
   -0.703721E+03    0.000000E+00    0.000000E+00    0.000000E+00    0.000000E+00    0.000000E+00
    0.000000E+00   -0.703721E+03    0.000000E+00    0.000000E+00    0.000000E+00    0.000000E+00
    0.000000E+00    0.000000E+00    0.000000E+00    0.000000E+00    0.000000E+00    0.000000E+00
    0.000000E+00    0.000000E+00    0.000000E+00
     78000
   -0.121204E+04   -0.104820E+04    0.000000E+00    0.000000E+00   -0.121204E+04    0.000000E+00
    0.000000E+00    0.000000E+00    0.000000E+00    0.000000E+00    0.000000E+00    0.000000E+00
    0.149899E+04    0.114446E+02    0.114446E+02    0.114446E+02    0.900000E+02    0.900000E+02
    0.900000E+02    0.146905E+07    0.109873E+07
      512.000000
        1.000000
   -0.703721E+03    0.000000E+00    0.000000E+00    0.000000E+00    0.000000E+00    0.000000E+00
    0.000000E+00   -0.703721E+03    0.000000E+00    0.000000E+00    0.000000E+00    0.000000E+00
    0.000000E+00    0.000000E+00    0.000000E+00    0.000000E+00    0.000000E+00    0.000000E+00
    0.000000E+00    0.000000E+00    0.000000E+00
     79000
   -0.120056E+04   -0.103328E+04    0.000000E+00    0.000000E+00   -0.120056E+04    0.000000E+00
    0.000000E+00    0.000000E+00    0.000000E+00    0.000000E+00    0.000000E+00    0.000000E+00
    0.153050E+04    0.115242E+02    0.115242E+02    0.115242E+02    0.900000E+02    0.900000E+02
    0.900000E+02    0.144135E+07    0.106767E+07
      512.000000
        1.000000
   -0.703721E+03    0.000000E+00    0.000000E+00    0.000000E+00    0.000000E+00    0.000000E+00
    0.000000E+00   -0.703721E+03    0.000000E+00    0.000000E+00    0.000000E+00    0.000000E+00
    0.000000E+00    0.000000E+00    0.000000E+00    0.000000E+00    0.000000E+00    0.000000E+00
    0.000000E+00    0.000000E+00    0.000000E+00
     80000
   -0.121766E+04   -0.105389E+04    0.000000E+00    0.000000E+00   -0.121766E+04    0.000000E+00
    0.000000E+00    0.000000E+00    0.000000E+00    0.000000E+00    0.000000E+00    0.000000E+00
    0.149840E+04    0.114431E+02    0.114431E+02    0.114431E+02    0.900000E+02    0.900000E+02
    0.900000E+02    0.148270E+07    0.111068E+07
      512.000000
        1.000000
   -0.703721E+03    0.000000E+00    0.000000E+00    0.000000E+00    0.000000E+00    0.000000E+00
    0.000000E+00   -0.703721E+03    0.000000E+00    0.000000E+00    0.000000E+00    0.000000E+00
    0.000000E+00    0.000000E+00    0.000000E+00    0.000000E+00    0.000000E+00    0.000000E+00
    0.000000E+00    0.000000E+00    0.000000E+00
     81000
   -0.119281E+04   -0.102827E+04    0.000000E+00    0.000000E+00   -0.119281E+04    0.000000E+00
    0.000000E+00    0.000000E+00    0.000000E+00    0.000000E+00    0.000000E+00    0.000000E+00
    0.150541E+04    0.114609E+02    0.114609E+02    0.114609E+02    0.900000E+02    0.900000E+02
    0.900000E+02    0.142280E+07    0.105734E+07
      512.000000
        1.000000
   -0.703721E+03    0.000000E+00    0.000000E+00    0.000000E+00    0.000000E+00    0.000000E+00
    0.000000E+00   -0.703721E+03    0.000000E+00    0.000000E+00    0.000000E+00    0.000000E+00
    0.000000E+00    0.000000E+00    0.000000E+00    0.000000E+00    0.000000E+00    0.000000E+00
    0.000000E+00    0.000000E+00    0.000000E+00
     82000
   -0.120360E+04   -0.103906E+04    0.000000E+00    0.000000E+00   -0.120360E+04    0.000000E+00
    0.000000E+00    0.000000E+00    0.000000E+00    0.000000E+00    0.000000E+00    0.000000E+00
    0.150541E+04    0.114609E+02    0.114609E+02    0.114609E+02    0.900000E+02    0.900000E+02
    0.900000E+02    0.144866E+07    0.107965E+07
      512.000000
        1.000000
   -0.703721E+03    0.000000E+00    0.000000E+00    0.000000E+00    0.000000E+00    0.000000E+00
    0.000000E+00   -0.703721E+03    0.000000E+00    0.000000E+00    0.000000E+00    0.000000E+00
    0.000000E+00    0.000000E+00    0.000000E+00    0.000000E+00    0.000000E+00    0.000000E+00
    0.000000E+00    0.000000E+00    0.000000E+00
     83000
   -0.122264E+04   -0.105958E+04    0.000000E+00    0.000000E+00   -0.122264E+04    0.000000E+00
    0.000000E+00    0.000000E+00    0.000000E+00    0.000000E+00    0.000000E+00    0.000000E+00
    0.149180E+04    0.114262E+02    0.114262E+02    0.114262E+02    0.900000E+02    0.900000E+02
    0.900000E+02    0.149484E+07    0.112272E+07
      512.000000
        1.000000
   -0.703721E+03    0.000000E+00    0.000000E+00    0.000000E+00    0.000000E+00    0.000000E+00
    0.000000E+00   -0.703721E+03    0.000000E+00    0.000000E+00    0.000000E+00    0.000000E+00
    0.000000E+00    0.000000E+00    0.000000E+00    0.000000E+00    0.000000E+00    0.000000E+00
    0.000000E+00    0.000000E+00    0.000000E+00
     84000
   -0.120895E+04   -0.104590E+04    0.000000E+00    0.000000E+00   -0.120895E+04    0.000000E+00
    0.000000E+00    0.000000E+00    0.000000E+00    0.000000E+00    0.000000E+00    0.000000E+00
    0.149180E+04    0.114262E+02    0.114262E+02    0.114262E+02    0.900000E+02    0.900000E+02
    0.900000E+02    0.146157E+07    0.109390E+07
      512.000000
        1.000000
   -0.703721E+03    0.000000E+00    0.000000E+00    0.000000E+00    0.000000E+00    0.000000E+00
    0.000000E+00   -0.703721E+03    0.000000E+00    0.000000E+00    0.000000E+00    0.000000E+00
    0.000000E+00    0.000000E+00    0.000000E+00    0.000000E+00    0.000000E+00    0.000000E+00
    0.000000E+00    0.000000E+00    0.000000E+00
     85000
   -0.120459E+04   -0.104432E+04    0.000000E+00    0.000000E+00   -0.120459E+04    0.000000E+00
    0.000000E+00    0.000000E+00    0.000000E+00    0.000000E+00    0.000000E+00    0.000000E+00
    0.146638E+04    0.113610E+02    0.113610E+02    0.113610E+02    0.900000E+02    0.900000E+02
    0.900000E+02    0.145104E+07    0.109060E+07
      512.000000
        1.000000
   -0.703721E+03    0.000000E+00    0.000000E+00    0.000000E+00    0.000000E+00    0.000000E+00
    0.000000E+00   -0.703721E+03    0.000000E+00    0.000000E+00    0.000000E+00    0.000000E+00
    0.000000E+00    0.000000E+00    0.000000E+00    0.000000E+00    0.000000E+00    0.000000E+00
    0.000000E+00    0.000000E+00    0.000000E+00
     86000
   -0.120448E+04   -0.104097E+04    0.000000E+00    0.000000E+00   -0.120448E+04    0.000000E+00
    0.000000E+00    0.000000E+00    0.000000E+00    0.000000E+00    0.000000E+00    0.000000E+00
    0.149598E+04    0.114369E+02    0.114369E+02    0.114369E+02    0.900000E+02    0.900000E+02
    0.900000E+02    0.145078E+07    0.108362E+07
      512.000000
        1.000000
   -0.703721E+03    0.000000E+00    0.000000E+00    0.000000E+00    0.000000E+00    0.000000E+00
    0.000000E+00   -0.703721E+03    0.000000E+00    0.000000E+00    0.000000E+00    0.000000E+00
    0.000000E+00    0.000000E+00    0.000000E+00    0.000000E+00    0.000000E+00    0.000000E+00
    0.000000E+00    0.000000E+00    0.000000E+00
     87000
   -0.121904E+04   -0.105547E+04    0.000000E+00    0.000000E+00   -0.121904E+04    0.000000E+00
    0.000000E+00    0.000000E+00    0.000000E+00    0.000000E+00    0.000000E+00    0.000000E+00
    0.149656E+04    0.114384E+02    0.114384E+02    0.114384E+02    0.900000E+02    0.900000E+02
    0.900000E+02    0.148606E+07    0.111401E+07
      512.000000
        1.000000
   -0.703721E+03    0.000000E+00    0.000000E+00    0.000000E+00    0.000000E+00    0.000000E+00
    0.000000E+00   -0.703721E+03    0.000000E+00    0.000000E+00    0.000000E+00    0.000000E+00
    0.000000E+00    0.000000E+00    0.000000E+00    0.000000E+00    0.000000E+00    0.000000E+00
    0.000000E+00    0.000000E+00    0.000000E+00
     88000
   -0.122016E+04   -0.105659E+04    0.000000E+00    0.000000E+00   -0.122016E+04    0.000000E+00
    0.000000E+00    0.000000E+00    0.000000E+00    0.000000E+00    0.000000E+00    0.000000E+00
    0.149656E+04    0.114384E+02    0.114384E+02    0.114384E+02    0.900000E+02    0.900000E+02
    0.900000E+02    0.148880E+07    0.111638E+07
      512.000000
        1.000000
   -0.703721E+03    0.000000E+00    0.000000E+00    0.000000E+00    0.000000E+00    0.000000E+00
    0.000000E+00   -0.703721E+03    0.000000E+00    0.000000E+00    0.000000E+00    0.000000E+00
    0.000000E+00    0.000000E+00    0.000000E+00    0.000000E+00    0.000000E+00    0.000000E+00
    0.000000E+00    0.000000E+00    0.000000E+00
     89000
   -0.120850E+04   -0.104493E+04    0.000000E+00    0.000000E+00   -0.120850E+04    0.000000E+00
    0.000000E+00    0.000000E+00    0.000000E+00    0.000000E+00    0.000000E+00    0.000000E+00
    0.149656E+04    0.114384E+02    0.114384E+02    0.114384E+02    0.900000E+02    0.900000E+02
    0.900000E+02    0.146048E+07    0.109187E+07
      512.000000
        1.000000
   -0.703721E+03    0.000000E+00    0.000000E+00    0.000000E+00    0.000000E+00    0.000000E+00
    0.000000E+00   -0.703721E+03    0.000000E+00    0.000000E+00    0.000000E+00    0.000000E+00
    0.000000E+00    0.000000E+00    0.000000E+00    0.000000E+00    0.000000E+00    0.000000E+00
    0.000000E+00    0.000000E+00    0.000000E+00
     90000
   -0.118004E+04   -0.101646E+04    0.000000E+00    0.000000E+00   -0.118004E+04    0.000000E+00
    0.000000E+00    0.000000E+00    0.000000E+00    0.000000E+00    0.000000E+00    0.000000E+00
    0.149656E+04    0.114384E+02    0.114384E+02    0.114384E+02    0.900000E+02    0.900000E+02
    0.900000E+02    0.139248E+07    0.103319E+07
      512.000000
        1.000000
   -0.703721E+03    0.000000E+00    0.000000E+00    0.000000E+00    0.000000E+00    0.000000E+00
    0.000000E+00   -0.703721E+03    0.000000E+00    0.000000E+00    0.000000E+00    0.000000E+00
    0.000000E+00    0.000000E+00    0.000000E+00    0.000000E+00    0.000000E+00    0.000000E+00
    0.000000E+00    0.000000E+00    0.000000E+00
     91000
   -0.119623E+04   -0.103263E+04    0.000000E+00    0.000000E+00   -0.119623E+04    0.000000E+00
    0.000000E+00    0.000000E+00    0.000000E+00    0.000000E+00    0.000000E+00    0.000000E+00
    0.149675E+04    0.114389E+02    0.114389E+02    0.114389E+02    0.900000E+02    0.900000E+02
    0.900000E+02    0.143095E+07    0.106633E+07
      512.000000
        1.000000
   -0.703721E+03    0.000000E+00    0.000000E+00    0.000000E+00    0.000000E+00    0.000000E+00
    0.000000E+00   -0.703721E+03    0.000000E+00    0.000000E+00    0.000000E+00    0.000000E+00
    0.000000E+00    0.000000E+00    0.000000E+00    0.000000E+00    0.000000E+00    0.000000E+00
    0.000000E+00    0.000000E+00    0.000000E+00
     92000
   -0.122252E+04   -0.105893E+04    0.000000E+00    0.000000E+00   -0.122252E+04    0.000000E+00
    0.000000E+00    0.000000E+00    0.000000E+00    0.000000E+00    0.000000E+00    0.000000E+00
    0.149675E+04    0.114389E+02    0.114389E+02    0.114389E+02    0.900000E+02    0.900000E+02
    0.900000E+02    0.149455E+07    0.112132E+07
      512.000000
        1.000000
   -0.703721E+03    0.000000E+00    0.000000E+00    0.000000E+00    0.000000E+00    0.000000E+00
    0.000000E+00   -0.703721E+03    0.000000E+00    0.000000E+00    0.000000E+00    0.000000E+00
    0.000000E+00    0.000000E+00    0.000000E+00    0.000000E+00    0.000000E+00    0.000000E+00
    0.000000E+00    0.000000E+00    0.000000E+00
     93000
   -0.120482E+04   -0.104224E+04    0.000000E+00    0.000000E+00   -0.120482E+04    0.000000E+00
    0.000000E+00    0.000000E+00    0.000000E+00    0.000000E+00    0.000000E+00    0.000000E+00
    0.148748E+04    0.114152E+02    0.114152E+02    0.114152E+02    0.900000E+02    0.900000E+02
    0.900000E+02    0.145159E+07    0.108626E+07
      512.000000
        1.000000
   -0.703721E+03    0.000000E+00    0.000000E+00    0.000000E+00    0.000000E+00    0.000000E+00
    0.000000E+00   -0.703721E+03    0.000000E+00    0.000000E+00    0.000000E+00    0.000000E+00
    0.000000E+00    0.000000E+00    0.000000E+00    0.000000E+00    0.000000E+00    0.000000E+00
    0.000000E+00    0.000000E+00    0.000000E+00
     94000
   -0.119302E+04   -0.103043E+04    0.000000E+00    0.000000E+00   -0.119302E+04    0.000000E+00
    0.000000E+00    0.000000E+00    0.000000E+00    0.000000E+00    0.000000E+00    0.000000E+00
    0.148748E+04    0.114152E+02    0.114152E+02    0.114152E+02    0.900000E+02    0.900000E+02
    0.900000E+02    0.142329E+07    0.106179E+07
      512.000000
        1.000000
   -0.703721E+03    0.000000E+00    0.000000E+00    0.000000E+00    0.000000E+00    0.000000E+00
    0.000000E+00   -0.703721E+03    0.000000E+00    0.000000E+00    0.000000E+00    0.000000E+00
    0.000000E+00    0.000000E+00    0.000000E+00    0.000000E+00    0.000000E+00    0.000000E+00
    0.000000E+00    0.000000E+00    0.000000E+00
     95000
   -0.120585E+04   -0.104307E+04    0.000000E+00    0.000000E+00   -0.120585E+04    0.000000E+00
    0.000000E+00    0.000000E+00    0.000000E+00    0.000000E+00    0.000000E+00    0.000000E+00
    0.148924E+04    0.114197E+02    0.114197E+02    0.114197E+02    0.900000E+02    0.900000E+02
    0.900000E+02    0.145407E+07    0.108800E+07
      512.000000
        1.000000
   -0.703721E+03    0.000000E+00    0.000000E+00    0.000000E+00    0.000000E+00    0.000000E+00
    0.000000E+00   -0.703721E+03    0.000000E+00    0.000000E+00    0.000000E+00    0.000000E+00
    0.000000E+00    0.000000E+00    0.000000E+00    0.000000E+00    0.000000E+00    0.000000E+00
    0.000000E+00    0.000000E+00    0.000000E+00
     96000
   -0.120654E+04   -0.104377E+04    0.000000E+00    0.000000E+00   -0.120654E+04    0.000000E+00
    0.000000E+00    0.000000E+00    0.000000E+00    0.000000E+00    0.000000E+00    0.000000E+00
    0.148924E+04    0.114197E+02    0.114197E+02    0.114197E+02    0.900000E+02    0.900000E+02
    0.900000E+02    0.145574E+07    0.108945E+07
      512.000000
        1.000000
   -0.703721E+03    0.000000E+00    0.000000E+00    0.000000E+00    0.000000E+00    0.000000E+00
    0.000000E+00   -0.703721E+03    0.000000E+00    0.000000E+00    0.000000E+00    0.000000E+00
    0.000000E+00    0.000000E+00    0.000000E+00    0.000000E+00    0.000000E+00    0.000000E+00
    0.000000E+00    0.000000E+00    0.000000E+00
     97000
   -0.120190E+04   -0.103921E+04    0.000000E+00    0.000000E+00   -0.120190E+04    0.000000E+00
    0.000000E+00    0.000000E+00    0.000000E+00    0.000000E+00    0.000000E+00    0.000000E+00
    0.148843E+04    0.114176E+02    0.114176E+02    0.114176E+02    0.900000E+02    0.900000E+02
    0.900000E+02    0.144456E+07    0.107997E+07
      512.000000
        1.000000
   -0.703721E+03    0.000000E+00    0.000000E+00    0.000000E+00    0.000000E+00    0.000000E+00
    0.000000E+00   -0.703721E+03    0.000000E+00    0.000000E+00    0.000000E+00    0.000000E+00
    0.000000E+00    0.000000E+00    0.000000E+00    0.000000E+00    0.000000E+00    0.000000E+00
    0.000000E+00    0.000000E+00    0.000000E+00
     98000
   -0.118802E+04   -0.102368E+04    0.000000E+00    0.000000E+00   -0.118802E+04    0.000000E+00
    0.000000E+00    0.000000E+00    0.000000E+00    0.000000E+00    0.000000E+00    0.000000E+00
    0.150352E+04    0.114561E+02    0.114561E+02    0.114561E+02    0.900000E+02    0.900000E+02
    0.900000E+02    0.141138E+07    0.104792E+07
      512.000000
        1.000000
   -0.703721E+03    0.000000E+00    0.000000E+00    0.000000E+00    0.000000E+00    0.000000E+00
    0.000000E+00   -0.703721E+03    0.000000E+00    0.000000E+00    0.000000E+00    0.000000E+00
    0.000000E+00    0.000000E+00    0.000000E+00    0.000000E+00    0.000000E+00    0.000000E+00
    0.000000E+00    0.000000E+00    0.000000E+00
     99000
   -0.121568E+04   -0.105516E+04    0.000000E+00    0.000000E+00   -0.121568E+04    0.000000E+00
    0.000000E+00    0.000000E+00    0.000000E+00    0.000000E+00    0.000000E+00    0.000000E+00
    0.146862E+04    0.113668E+02    0.113668E+02    0.113668E+02    0.900000E+02    0.900000E+02
    0.900000E+02    0.147788E+07    0.111336E+07
      512.000000
        1.000000
   -0.703721E+03    0.000000E+00    0.000000E+00    0.000000E+00    0.000000E+00    0.000000E+00
    0.000000E+00   -0.703721E+03    0.000000E+00    0.000000E+00    0.000000E+00    0.000000E+00
    0.000000E+00    0.000000E+00    0.000000E+00    0.000000E+00    0.000000E+00    0.000000E+00
    0.000000E+00    0.000000E+00    0.000000E+00
    100000
   -0.120035E+04   -0.103959E+04    0.000000E+00    0.000000E+00   -0.120035E+04    0.000000E+00
    0.000000E+00    0.000000E+00    0.000000E+00    0.000000E+00    0.000000E+00    0.000000E+00
    0.147078E+04    0.113723E+02    0.113723E+02    0.113723E+02    0.900000E+02    0.900000E+02
    0.900000E+02    0.144083E+07    0.108075E+07
      512.000000
        1.000000
   -0.703721E+03    0.000000E+00    0.000000E+00    0.000000E+00    0.000000E+00    0.000000E+00
    0.000000E+00   -0.703721E+03    0.000000E+00    0.000000E+00    0.000000E+00    0.000000E+00
    0.000000E+00    0.000000E+00    0.000000E+00    0.000000E+00    0.000000E+00    0.000000E+00
    0.000000E+00    0.000000E+00    0.000000E+00
    101000
   -0.121877E+04   -0.106245E+04    0.000000E+00    0.000000E+00   -0.121877E+04    0.000000E+00
    0.000000E+00    0.000000E+00    0.000000E+00    0.000000E+00    0.000000E+00    0.000000E+00
    0.143023E+04    0.112668E+02    0.112668E+02    0.112668E+02    0.900000E+02    0.900000E+02
    0.900000E+02    0.148540E+07    0.112879E+07
      512.000000
        1.000000
   -0.703721E+03    0.000000E+00    0.000000E+00    0.000000E+00    0.000000E+00    0.000000E+00
    0.000000E+00   -0.703721E+03    0.000000E+00    0.000000E+00    0.000000E+00    0.000000E+00
    0.000000E+00    0.000000E+00    0.000000E+00    0.000000E+00    0.000000E+00    0.000000E+00
    0.000000E+00    0.000000E+00    0.000000E+00
    102000
   -0.120904E+04   -0.105272E+04    0.000000E+00    0.000000E+00   -0.120904E+04    0.000000E+00
    0.000000E+00    0.000000E+00    0.000000E+00    0.000000E+00    0.000000E+00    0.000000E+00
    0.143023E+04    0.112668E+02    0.112668E+02    0.112668E+02    0.900000E+02    0.900000E+02
    0.900000E+02    0.146179E+07    0.110822E+07
      512.000000
        1.000000
   -0.703721E+03    0.000000E+00    0.000000E+00    0.000000E+00    0.000000E+00    0.000000E+00
    0.000000E+00   -0.703721E+03    0.000000E+00    0.000000E+00    0.000000E+00    0.000000E+00
    0.000000E+00    0.000000E+00    0.000000E+00    0.000000E+00    0.000000E+00    0.000000E+00
    0.000000E+00    0.000000E+00    0.000000E+00
    103000
   -0.123411E+04   -0.107913E+04    0.000000E+00    0.000000E+00   -0.123411E+04    0.000000E+00
    0.000000E+00    0.000000E+00    0.000000E+00    0.000000E+00    0.000000E+00    0.000000E+00
    0.141793E+04    0.112345E+02    0.112345E+02    0.112345E+02    0.900000E+02    0.900000E+02
    0.900000E+02    0.152302E+07    0.116452E+07
      512.000000
        1.000000
   -0.703721E+03    0.000000E+00    0.000000E+00    0.000000E+00    0.000000E+00    0.000000E+00
    0.000000E+00   -0.703721E+03    0.000000E+00    0.000000E+00    0.000000E+00    0.000000E+00
    0.000000E+00    0.000000E+00    0.000000E+00    0.000000E+00    0.000000E+00    0.000000E+00
    0.000000E+00    0.000000E+00    0.000000E+00
    104000
   -0.126799E+04   -0.111730E+04    0.000000E+00    0.000000E+00   -0.126799E+04    0.000000E+00
    0.000000E+00    0.000000E+00    0.000000E+00    0.000000E+00    0.000000E+00    0.000000E+00
    0.137875E+04    0.111300E+02    0.111300E+02    0.111300E+02    0.900000E+02    0.900000E+02
    0.900000E+02    0.160781E+07    0.124835E+07
      512.000000
        1.000000
   -0.703721E+03    0.000000E+00    0.000000E+00    0.000000E+00    0.000000E+00    0.000000E+00
    0.000000E+00   -0.703721E+03    0.000000E+00    0.000000E+00    0.000000E+00    0.000000E+00
    0.000000E+00    0.000000E+00    0.000000E+00    0.000000E+00    0.000000E+00    0.000000E+00
    0.000000E+00    0.000000E+00    0.000000E+00
    105000
   -0.125161E+04   -0.109961E+04    0.000000E+00    0.000000E+00   -0.125161E+04    0.000000E+00
    0.000000E+00    0.000000E+00    0.000000E+00    0.000000E+00    0.000000E+00    0.000000E+00
    0.139065E+04    0.111619E+02    0.111619E+02    0.111619E+02    0.900000E+02    0.900000E+02
    0.900000E+02    0.156652E+07    0.120914E+07
      512.000000
        1.000000
   -0.703721E+03    0.000000E+00    0.000000E+00    0.000000E+00    0.000000E+00    0.000000E+00
    0.000000E+00   -0.703721E+03    0.000000E+00    0.000000E+00    0.000000E+00    0.000000E+00
    0.000000E+00    0.000000E+00    0.000000E+00    0.000000E+00    0.000000E+00    0.000000E+00
    0.000000E+00    0.000000E+00    0.000000E+00
    106000
   -0.127021E+04   -0.111821E+04    0.000000E+00    0.000000E+00   -0.127021E+04    0.000000E+00
    0.000000E+00    0.000000E+00    0.000000E+00    0.000000E+00    0.000000E+00    0.000000E+00
    0.139065E+04    0.111619E+02    0.111619E+02    0.111619E+02    0.900000E+02    0.900000E+02
    0.900000E+02    0.161343E+07    0.125039E+07
      512.000000
        1.000000
   -0.703721E+03    0.000000E+00    0.000000E+00    0.000000E+00    0.000000E+00    0.000000E+00
    0.000000E+00   -0.703721E+03    0.000000E+00    0.000000E+00    0.000000E+00    0.000000E+00
    0.000000E+00    0.000000E+00    0.000000E+00    0.000000E+00    0.000000E+00    0.000000E+00
    0.000000E+00    0.000000E+00    0.000000E+00
    107000
   -0.127669E+04   -0.112667E+04    0.000000E+00    0.000000E+00   -0.127669E+04    0.000000E+00
    0.000000E+00    0.000000E+00    0.000000E+00    0.000000E+00    0.000000E+00    0.000000E+00
    0.137255E+04    0.111133E+02    0.111133E+02    0.111133E+02    0.900000E+02    0.900000E+02
    0.900000E+02    0.162993E+07    0.126938E+07
      512.000000
        1.000000
   -0.703721E+03    0.000000E+00    0.000000E+00    0.000000E+00    0.000000E+00    0.000000E+00
    0.000000E+00   -0.703721E+03    0.000000E+00    0.000000E+00    0.000000E+00    0.000000E+00
    0.000000E+00    0.000000E+00    0.000000E+00    0.000000E+00    0.000000E+00    0.000000E+00
    0.000000E+00    0.000000E+00    0.000000E+00
    108000
   -0.124452E+04   -0.109042E+04    0.000000E+00    0.000000E+00   -0.124452E+04    0.000000E+00
    0.000000E+00    0.000000E+00    0.000000E+00    0.000000E+00    0.000000E+00    0.000000E+00
    0.140992E+04    0.112132E+02    0.112132E+02    0.112132E+02    0.900000E+02    0.900000E+02
    0.900000E+02    0.154884E+07    0.118902E+07
      512.000000
        1.000000
   -0.703721E+03    0.000000E+00    0.000000E+00    0.000000E+00    0.000000E+00    0.000000E+00
    0.000000E+00   -0.703721E+03    0.000000E+00    0.000000E+00    0.000000E+00    0.000000E+00
    0.000000E+00    0.000000E+00    0.000000E+00    0.000000E+00    0.000000E+00    0.000000E+00
    0.000000E+00    0.000000E+00    0.000000E+00
    109000
   -0.122804E+04   -0.107023E+04    0.000000E+00    0.000000E+00   -0.122804E+04    0.000000E+00
    0.000000E+00    0.000000E+00    0.000000E+00    0.000000E+00    0.000000E+00    0.000000E+00
    0.144379E+04    0.113023E+02    0.113023E+02    0.113023E+02    0.900000E+02    0.900000E+02
    0.900000E+02    0.150807E+07    0.114539E+07
      512.000000
        1.000000
   -0.703721E+03    0.000000E+00    0.000000E+00    0.000000E+00    0.000000E+00    0.000000E+00
    0.000000E+00   -0.703721E+03    0.000000E+00    0.000000E+00    0.000000E+00    0.000000E+00
    0.000000E+00    0.000000E+00    0.000000E+00    0.000000E+00    0.000000E+00    0.000000E+00
    0.000000E+00    0.000000E+00    0.000000E+00
    110000
   -0.120236E+04   -0.104455E+04    0.000000E+00    0.000000E+00   -0.120236E+04    0.000000E+00
    0.000000E+00    0.000000E+00    0.000000E+00    0.000000E+00    0.000000E+00    0.000000E+00
    0.144379E+04    0.113023E+02    0.113023E+02    0.113023E+02    0.900000E+02    0.900000E+02
    0.900000E+02    0.144566E+07    0.109108E+07
      512.000000
        1.000000
   -0.703721E+03    0.000000E+00    0.000000E+00    0.000000E+00    0.000000E+00    0.000000E+00
    0.000000E+00   -0.703721E+03    0.000000E+00    0.000000E+00    0.000000E+00    0.000000E+00
    0.000000E+00    0.000000E+00    0.000000E+00    0.000000E+00    0.000000E+00    0.000000E+00
    0.000000E+00    0.000000E+00    0.000000E+00
