   1620.37094759644     
   1620.68718109187     
   1620.45287826024     
   1620.20882457677     
   1620.63916668433     
   1620.94302191893     
   1621.25680105504     
   1620.75915350000     
   1620.52087644389     
   1620.21276120381     
   1620.09028286231     
   1619.45155146585     
   1619.14059466138     
   1618.89642738208     
   1619.67629103321     
   1619.43426341962     
   1618.96231153165     
   1618.29060438128     
   1617.74597187291     
   1617.25997593257     
   1617.25201399986     
   1617.13181091090     
   1616.98662291817     
   1617.07804745493     
   1616.89445604140     
   1617.67895844578     
   1619.00275032298     
   1619.49100577574     
   1620.77016810853     
   1619.25932831463     
   1620.66169494689     
   1620.02362948760     
   1621.39432537555     
   1622.69398102906     
   1624.33613792091     
   1622.57837016810     
   1620.69131123222     
   1619.15071114510     
   1619.84819300651     
   1621.10444966162     
   1620.90166654923     
   1622.66988507397     
   1622.93691927650     
   1623.16284136689     
   1626.11157845002     
   1625.77234451238     
   1623.43552283127     
   1620.30136122068     
   1619.76500255379     
   1618.98104713824     
   1621.07979855389     
   1623.50114186676     
   1627.13833372261     
   1624.62479080625     
   1625.78251626015     
   1625.78251626015     
   1623.73126154303     
   1624.51296054812     
   1627.47065385895     
   1623.12788339514     
   1623.12788339514     
   1622.15856996998     
   1625.58786095760     
   1624.74728448302     
   1624.74403045702     
   1620.69430543918     
   1626.42147666042     
   1621.89626476579     
   1624.63445570795     
   1624.02229458187     
   1630.06014886706     
   1627.05388327454     
   1624.17428518317     
   1615.29725648397     
   1609.10999472374     
   1602.98182822365     
   1612.96642524688     
   1611.88140044852     
   1611.88140044852     
   1602.67826111900     
   1598.40284524541     
   1598.40284524541     
   1598.40284524541     
   1589.77121022657     
   1595.72069726631     
   1604.03860516556     
   1616.07392630608     
   1610.42922765333     
   1607.80501456973     
   1607.80501456973     
   1613.27152087575     
   1611.91220597771     
   1612.88167120825     
   1620.95559225515     
   1618.52454766058     
   1634.44733666681     
   1629.23442177541     
   1627.14681465585     
   1642.56950903714     
   1642.56950903714     
   1642.56950903714     
   1642.56950903714     
   1642.56950903714     
   1642.56950903714     
   1628.20253712402     
   1640.28002899872     
   1640.28002899872     
   1622.07958007282     
   1602.84485724052     
   1603.32162184043     
   1601.84570999362     
   1614.50570515268     
   1614.50570515268     
   1619.95353238758     
   1598.87604301101     
   1594.62059344576     
   1612.11431690080     
   1609.93775308379     
   1616.92207542448     
   1616.92207542448     
   1606.21818434204     
   1627.44689426161     
   1627.44689426161     
   1604.97727571685     
   1603.97366708271     
   1603.97366708271     
   1582.18613903054     
   1582.18613903054     
   1590.84925926886     
   1590.84925926886     
   1590.84925926886     
   1594.28789293752     
   1594.28789293752     
   1604.03172425591     
   1596.63440600148     
   1604.18162877206     
   1597.60866455183     
   1592.84450184626     
   1592.84450184626     
   1592.84450184626     
   1575.04161167213     
   1553.62742918438     
   1552.22021845194     
   1552.22021845194     
   1556.14513135054     
   1529.87060117064     
   1533.15780650682     
   1528.77575832536     
   1529.29599842267     
   1516.62127853620     
   1535.26111442050     
   1513.20759946616     
   1513.20759946616     
   1515.09515981521     
   1510.47967215930     
   1535.47496997635     
   1507.17114694893     
   1507.17114694893     
   1507.17114694893     
   1498.35507809093     
   1498.35507809093     
   1498.99102378791     
   1531.33002876319     
   1530.50360989993     
   1517.98496794028     
   1517.98496794028     
   1498.40428483004     
   1500.25980212464     
   1490.84413942619     
   1505.40887227880     
   1505.40887227880     
   1505.40887227880     
   1505.40887227880     
   1505.40887227880     
   1505.40887227880     
   1491.80044085615     
   1491.80044085615     
   1491.80044085615     
   1476.69179081995     
   1496.61934110621     
   1466.38057130526     
   1508.78541411148     
   1495.97824215523     
   1495.97824215523     
   1496.56333297046     
   1496.56333297046     
   1496.56333297046     
   1496.56333297046     
   1496.56333297046     
   1496.74571239651     
   1496.74571239651     
   1487.48092050429     
   1487.48092050429     
   1487.48092050429     
   1487.48092050429     
   1487.48092050429     
   1447.86875437552     
   1480.51511373153     
   1489.24020775420     
   1489.24020775420     
   1489.24020775420     
   1489.24020775420     
   1465.01064349322     
   1488.42750890921     
   1512.85028317983     
   1512.85028317983     
   1503.51789347426     
   1468.62455082687     
   1468.62455082687     
   1468.62455082687     
   1470.77996103711     
   1430.22507355471     
   1407.51588800451     
   1407.51588800451     
   1417.93322706147     
   1417.93322706147     
   1378.74767240091     
   1378.74767240091     
   1373.98819935868     
   1390.64580674100     
   1372.55237579180     
   1372.55237579180     
   1372.55237579180     
   1370.14613929469     
   1370.14613929469     
   1409.91777821670     
   1409.91777821670     
   1443.79076353341     
   1443.79076353341     
   1443.79076353341     
   1443.79076353341     
